737	/track 81 6.071693 3.465892 0.8915849 0.03991919 0.9980074 0.0630977 0.125664
737	/track 81 6.071693 3.465892 0.8915849 0.03991919 0.9980074 0.0630977 0.125664
739	/track 81 6.073833 3.470861 0.891899 0.03854271 0.9659078 0.2588859 0.1449221
739	/track 81 6.073833 3.470861 0.891899 0.03854271 0.9659078 0.2588859 0.1449221
740	/track 81 6.07725 3.478791 0.892401 0.03634589 0.8409197 0.54116 0.1654382
740	/track 81 6.07725 3.478791 0.892401 0.03634589 0.8409197 0.54116 0.1654382
741	/track 81 6.076969 3.478123 0.8923597 0.03653108 0.9232689 0.3841544 0.1531609
741	/track 81 6.076969 3.478123 0.8923597 0.03653108 0.9232689 0.3841544 0.1531609
742	/track 81 6.076653 3.477375 0.8923133 0.03673825 0.9833829 0.1815436 0.1426201
742	/track 81 6.076653 3.477375 0.8923133 0.03673825 0.9833829 0.1815436 0.1426201
743	/track 81 6.075377 3.474552 0.8921259 0.03752015 0.9985342 -0.05412417 0.1490092
743	/track 81 6.075377 3.474552 0.8921259 0.03752015 0.9985342 -0.05412417 0.1490092
744	/track 81 6.074218 3.47198 0.8919556 0.03823283 0.9533421 -0.3018919 0.1517461
744	/track 81 6.074218 3.47198 0.8919556 0.03823283 0.9533421 -0.3018919 0.1517461
745	/track 81 6.073139 3.469446 0.8917972 0.03893461 0.8483949 -0.5293638 0.1527696
745	/track 81 6.073139 3.469446 0.8917972 0.03893461 0.8483949 -0.5293638 0.1527696
746	/track 81 6.072188 3.467212 0.8916577 0.03955351 0.7019735 -0.7122031 0.1517746
746	/track 81 6.072188 3.467212 0.8916577 0.03955351 0.7019735 -0.7122031 0.1517746
747	/track 81 6.071365 3.465272 0.8915367 0.04009084 0.5388376 -0.8424098 0.1489933
747	/track 81 6.071365 3.465272 0.8915367 0.04009084 0.5388376 -0.8424098 0.1489933
748	/track 81 6.072039 3.466927 0.8916357 0.03963256 0.7208076 -0.6931353 0.1452596
748	/track 81 6.072039 3.466927 0.8916357 0.03963256 0.7208076 -0.6931353 0.1452596
749	/track 81 6.072651 3.468423 0.8917256 0.039218 0.870997 -0.4912883 0.1402451
749	/track 81 6.072651 3.468423 0.8917256 0.039218 0.870997 -0.4912883 0.1402451
750	/track 81 6.073477 3.470245 0.8918468 0.0387133 0.965692 -0.2596903 0.1379867
750	/track 81 6.073477 3.470245 0.8918468 0.0387133 0.965692 -0.2596903 0.1379867
751	/track 81 6.074201 3.47184 0.8919531 0.03827146 0.9995908 -0.02860623 0.1351354
751	/track 81 6.074201 3.47184 0.8919531 0.03827146 0.9995908 -0.02860623 0.1351354
752	/track 81 6.074825 3.473215 0.8920448 0.03789065 0.9839079 0.1786765 0.1305041
752	/track 81 6.074825 3.473215 0.8920448 0.03789065 0.9839079 0.1786765 0.1305041
753	/track 81 6.074663 3.472971 0.8920209 0.03795815 0.9993449 -0.03619062 0.1191769
754	/track 81 6.074663 3.472971 0.8920209 0.03795815 0.9993449 -0.03619062 0.1191769
755	/track 81 6.074501 3.472713 0.8919972 0.03802974 0.9609179 -0.2768336 0.1089527
755	/track 81 6.074501 3.472713 0.8919972 0.03802974 0.9609179 -0.2768336 0.1089527
755	/track 81 6.075635 3.475187 0.8921638 0.03734427 0.9989808 -0.04513634 0.1162053
755	/track 81 6.075635 3.475187 0.8921638 0.03734427 0.9989808 -0.04513634 0.1162053
756	/track 81 6.076613 3.477316 0.8923073 0.03675457 0.9864684 0.1639523 0.1192256
756	/track 81 6.076613 3.477316 0.8923073 0.03675457 0.9864684 0.1639523 0.1192256
757	/track 81 6.075265 3.474321 0.8921094 0.03758414 0.997266 -0.07389536 0.1266218
757	/track 81 6.075265 3.474321 0.8921094 0.03758414 0.997266 -0.07389536 0.1266218
758	/track 81 6.074057 3.471635 0.891932 0.03832826 0.9469871 -0.3212715 0.1312861
758	/track 81 6.074057 3.471635 0.891932 0.03832826 0.9469871 -0.3212715 0.1312861
759	/track 81 6.07299 3.469263 0.8917753 0.0389854 0.8374331 -0.5465397 0.134414
759	/track 81 6.07299 3.469263 0.8917753 0.0389854 0.8374331 -0.5465397 0.134414
760	/track 81 6.073243 3.469864 0.8918124 0.03881884 0.9477697 -0.3189557 0.1245962
760	/track 81 6.073243 3.469864 0.8918124 0.03881884 0.9477697 -0.3189557 0.1245962
761	/track 81 6.073479 3.470423 0.8918472 0.0386641 0.9965343 -0.08318247 0.115928
761	/track 81 6.073479 3.470423 0.8918472 0.0386641 0.9965343 -0.08318247 0.115928
762	/track 81 6.074562 3.472756 0.8920061 0.03801772 0.9914576 0.1304298 0.1204116
762	/track 81 6.074562 3.472756 0.8920061 0.03801772 0.9914576 0.1304298 0.1204116
763	/track 81 6.075512 3.474805 0.8921458 0.03745021 0.9505298 0.3106335 0.1216564
763	/track 81 6.075512 3.474805 0.8921458 0.03745021 0.9505298 0.3106335 0.1216564
764	/track 81 6.076334 3.476575 0.8922665 0.03695977 0.8908349 0.4543271 0.1203355
764	/track 81 6.076334 3.476575 0.8922665 0.03695977 0.8908349 0.4543271 0.1203355
765	/track 81 6.074152 3.471514 0.891946 0.03836175 0.9623987 0.2716406 0.1427498
765	/track 81 6.074152 3.471514 0.891946 0.03836175 0.9623987 0.2716406 0.1427498
766	/track 81 6.072223 3.467045 0.8916627 0.03959987 0.998891 0.04708325 0.1571104
766	/track 81 6.072223 3.467045 0.8916627 0.03959987 0.998891 0.04708325 0.1571104
767	/track 81 6.070585 3.46314 0.8914222 0.04068141 0.979613 -0.2008937 0.167863
767	/track 81 6.070585 3.46314 0.8914222 0.04068141 0.979613 -0.2008937 0.167863
768	/track 81 6.069182 3.459799 0.8912162 0.04160695 0.8977689 -0.4404667 0.173724
768	/track 81 6.069182 3.459799 0.8912162 0.04160695 0.8977689 -0.4404667 0.173724
769	/track 81 6.069785 3.461222 0.8913047 0.04121266 0.9787186 -0.2052067 0.1649379
769	/track 81 6.069785 3.461222 0.8913047 0.04121266 0.9787186 -0.2052067 0.1649379
770	/track 81 6.070364 3.462594 0.8913898 0.04083271 0.9996971 0.0246094 0.1577512
770	/track 81 6.070364 3.462594 0.8913898 0.04083271 0.9996971 0.0246094 0.1577512
771	/track 81 6.070911 3.463888 0.89147 0.04047436 0.9737932 0.227435 0.149778
771	/track 81 6.070911 3.463888 0.89147 0.04047436 0.9737932 0.227435 0.149778
772	/track 81 6.070158 3.46221 0.8913596 0.04093904 0.9999971 -0.002407334 0.1470571
772	/track 81 6.070158 3.46221 0.8913596 0.04093904 0.9999971 -0.002407334 0.1470571
773	/track 81 6.06952 3.460792 0.8912659 0.04133201 0.9681726 -0.2502835 0.1415012
773	/track 81 6.06952 3.460792 0.8912659 0.04133201 0.9681726 -0.2502835 0.1415012
774	/track 81 6.070089 3.462189 0.8913494 0.04094479 0.999868 -0.01624914 0.1362285
774	/track 81 6.070089 3.462189 0.8913494 0.04094479 0.999868 -0.01624914 0.1362285
775	/track 81 6.070616 3.463477 0.8914267 0.04058802 0.9809911 0.1940525 0.1313017
775	/track 81 6.070616 3.463477 0.8914267 0.04058802 0.9809911 0.1940525 0.1313017
776	/track 81 6.071013 3.464313 0.8914851 0.04035667 0.9326894 0.3606807 0.1227967
776	/track 81 6.071013 3.464313 0.8914851 0.04035667 0.9326894 0.3606807 0.1227967
777	/track 81 6.071371 3.465064 0.8915375 0.04014856 0.8706861 0.491839 0.1164587
777	/track 81 6.071371 3.465064 0.8915375 0.04014856 0.8706861 0.491839 0.1164587
778	/track 81 6.071687 3.465729 0.891584 0.0399643 0.8058724 0.5920892 0.1094159
778	/track 81 6.071687 3.465729 0.891584 0.0399643 0.8058724 0.5920892 0.1094159
779	/track 81 6.071381 3.464973 0.891539 0.04017366 0.8928099 0.4504339 0.1032709
779	/track 81 6.071381 3.464973 0.891539 0.04017366 0.8928099 0.4504339 0.1032709
780	/track 81 6.071109 3.464306 0.8914992 0.04035858 0.9648494 0.2628036 0.09694719
780	/track 81 6.071109 3.464306 0.8914992 0.04035858 0.9648494 0.2628036 0.09694719
781	/track 81 6.070575 3.463122 0.8914207 0.04068656 0.9992435 0.03889022 0.09537158
781	/track 81 6.070575 3.463122 0.8914207 0.04068656 0.9992435 0.03889022 0.09537158
782	/track 81 6.070112 3.462098 0.8913527 0.04097008 0.9781573 -0.2078662 0.09207544
782	/track 81 6.070112 3.462098 0.8913527 0.04097008 0.9781573 -0.2078662 0.09207544
783	/track 81 6.069717 3.461228 0.8912948 0.04121108 0.8944921 -0.4470837 0.08923583
783	/track 81 6.069717 3.461228 0.8912948 0.04121108 0.8944921 -0.4470837 0.08923583
784	/track 81 6.070379 3.462758 0.8913919 0.04078734 0.9771724 -0.2124478 0.09011547
784	/track 81 6.070379 3.462758 0.8913919 0.04078734 0.9771724 -0.2124478 0.09011547
785	/track 81 6.070972 3.464131 0.8914791 0.04040706 0.9998533 0.01712957 0.0904519
785	/track 81 6.070972 3.464131 0.8914791 0.04040706 0.9998533 0.01712957 0.0904519
786	/track 81 6.070757 3.463833 0.8914474 0.04048961 0.9768416 -0.2139637 0.0835702
786	/track 81 6.070757 3.463833 0.8914474 0.04048961 0.9768416 -0.2139637 0.0835702
787	/track 81 6.070568 3.46357 0.8914196 0.04056246 0.8930475 -0.4499626 0.07723834
787	/track 81 6.070568 3.46357 0.8914196 0.04056246 0.8930475 -0.4499626 0.07723834
788	/track 81 6.070404 3.463341 0.8913956 0.04062573 0.7519386 -0.6592331 0.07116864
788	/track 81 6.070404 3.463341 0.8913956 0.04062573 0.7519386 -0.6592331 0.07116864
789	/track 81 6.071238 3.465289 0.891518 0.04008628 0.8933766 -0.4493086 0.07651336
789	/track 81 6.071238 3.465289 0.891518 0.04008628 0.8933766 -0.4493086 0.07651336
790	/track 81 6.07197 3.466993 0.8916256 0.03961407 0.9766889 -0.2146595 0.08045812
790	/track 81 6.07197 3.466993 0.8916256 0.03961407 0.9766889 -0.2146595 0.08045812
791	/track 81 6.071667 3.466304 0.891581 0.039805 0.8914614 -0.4530966 0.07684192
791	/track 81 6.071667 3.466304 0.891581 0.039805 0.8914614 -0.4530966 0.07684192
792	/track 81 6.071388 3.465667 0.8915401 0.03998154 0.7564877 -0.6540079 0.07350446
792	/track 81 6.071388 3.465667 0.8915401 0.03998154 0.7564877 -0.6540079 0.07350446
793	/track 81 6.071256 3.465281 0.8915207 0.04008853 0.6033495 -0.7974769 0.06855609
793	/track 81 6.071256 3.465281 0.8915207 0.04008853 0.6033495 -0.7974769 0.06855609
794	/track 81 6.071136 3.464931 0.891503 0.04018542 0.4499136 -0.8930721 0.06387593
794	/track 81 6.071136 3.464931 0.891503 0.04018542 0.4499136 -0.8930721 0.06387593
797	/track 81 6.071029 3.464619 0.8914874 0.04027174 0.3098796 -0.9507758 0.05931754
797	/track 81 6.071029 3.464619 0.8914874 0.04027174 0.3098796 -0.9507758 0.05931754
798	/track 81 6.074801 3.472994 0.8920413 0.03795188 0.9516689 -0.3071258 0.08629894
798	/track 81 6.074801 3.472994 0.8920413 0.03795188 0.9516689 -0.3071258 0.08629894
799	/track 81 6.075476 3.474483 0.8921404 0.0375393 0.997282 -0.07367884 0.08728731
799	/track 81 6.075476 3.474483 0.8921404 0.0375393 0.997282 -0.07367884 0.08728731
800	/track 81 6.075535 3.474694 0.892149 0.03748079 0.9876736 0.1565271 0.07992876
800	/track 81 6.075535 3.474694 0.892149 0.03748079 0.9876736 0.1565271 0.07992876
801	/track 81 6.075546 3.474791 0.8921507 0.03745417 0.9286793 0.3708834 0.07254064
801	/track 81 6.075546 3.474791 0.8921507 0.03745417 0.9286793 0.3708834 0.07254064
802	/track 81 6.074112 3.471497 0.8919401 0.03836657 0.9859661 0.1669453 0.08641896
802	/track 81 6.074112 3.471497 0.8919401 0.03836657 0.9859661 0.1669453 0.08641896
804	/track 81 6.07283 3.468553 0.8917518 0.03918215 0.997423 -0.07174546 0.09784781
804	/track 81 6.07283 3.468553 0.8917518 0.03918215 0.997423 -0.07174546 0.09784781
805	/track 81 6.073164 3.469357 0.8918009 0.03895925 0.9894068 0.1451696 0.09318957
805	/track 81 6.073164 3.469357 0.8918009 0.03895925 0.9894068 0.1451696 0.09318957
806	/track 81 6.073463 3.470074 0.8918448 0.03876058 0.94459 0.3282525 0.08844005
806	/track 81 6.073463 3.470074 0.8918448 0.03876058 0.94459 0.3282525 0.08844005
807	/track 81 6.073725 3.470704 0.8918833 0.03858623 0.8805119 0.474024 0.083606
807	/track 81 6.073725 3.470704 0.8918833 0.03858623 0.8805119 0.474024 0.083606
808	/track 81 6.074475 3.472363 0.8919935 0.0381265 0.8136318 0.5813805 0.08662948
808	/track 81 6.074475 3.472363 0.8919935 0.0381265 0.8136318 0.5813805 0.08662948
809	/track 81 6.075125 3.473799 0.8920889 0.03772885 0.7493957 0.6621225 0.0872359
809	/track 81 6.075125 3.473799 0.8920889 0.03772885 0.7493957 0.6621225 0.0872359
810	/track 81 6.075425 3.474397 0.8921329 0.03756308 0.6969671 0.7171031 0.08244987
810	/track 81 6.075425 3.474397 0.8921329 0.03756308 0.6969671 0.7171031 0.08244987
811	/track 81 6.075667 3.474875 0.8921684 0.03743066 0.652377 0.7578946 0.07735597
811	/track 81 6.075667 3.474875 0.8921684 0.03743066 0.652377 0.7578946 0.07735597
812	/track 81 6.075857 3.475247 0.8921964 0.03732783 0.6156995 0.7879811 0.0720741
812	/track 81 6.075857 3.475247 0.8921964 0.03732783 0.6156995 0.7879811 0.0720741
813	/track 81 6.075772 3.475014 0.8921838 0.03739222 0.6920084 0.7218894 0.0664144
813	/track 81 6.075772 3.475014 0.8921838 0.03739222 0.6920084 0.7218894 0.0664144
814	/track 81 6.075676 3.474767 0.8921698 0.03746071 0.7770727 0.6294107 0.06142918
814	/track 81 6.075676 3.474767 0.8921698 0.03746071 0.7770727 0.6294107 0.06142918
815	/track 81 6.074213 3.471442 0.891955 0.03838169 0.8609991 0.5086064 0.07546718
815	/track 81 6.074213 3.471442 0.891955 0.03838169 0.8609991 0.5086064 0.07546718
816	/track 81 6.072923 3.468513 0.8917655 0.03919297 0.9389227 0.3441281 0.08792281
816	/track 81 6.072923 3.468513 0.8917655 0.03919297 0.9389227 0.3441281 0.08792281
817	/track 81 6.071803 3.465974 0.891601 0.03989654 0.9908682 0.134834 0.09647983
817	/track 81 6.071803 3.465974 0.891601 0.03989654 0.9908682 0.134834 0.09647983
818	/track 81 6.07266 3.468027 0.891727 0.03932784 0.9475452 0.3196219 0.09992028
818	/track 81 6.07266 3.468027 0.891727 0.03932784 0.9475452 0.3196219 0.09992028
819	/track 81 6.07344 3.46989 0.8918414 0.0388117 0.8842632 0.4669888 0.1011492
819	/track 81 6.07344 3.46989 0.8918414 0.0388117 0.8842632 0.4669888 0.1011492
820	/track 81 6.072604 3.467944 0.8917186 0.03935076 0.9576957 0.2877831 0.1051549
820	/track 81 6.072604 3.467944 0.8917186 0.03935076 0.9576957 0.2877831 0.1051549
821	/track 81 6.07188 3.466258 0.8916124 0.03981768 0.9978312 0.06582583 0.1054304
821	/track 81 6.07188 3.466258 0.8916124 0.03981768 0.9978312 0.06582583 0.1054304
822	/track 81 6.071185 3.464611 0.8915103 0.04027398 0.9834214 -0.181335 0.1054035
822	/track 81 6.071185 3.464611 0.8915103 0.04027398 0.9834214 -0.181335 0.1054035
823	/track 81 6.070601 3.463224 0.8914245 0.04065829 0.9062568 -0.4227276 0.103226
823	/track 81 6.070601 3.463224 0.8914245 0.04065829 0.9062568 -0.4227276 0.103226
824	/track 81 6.070119 3.462077 0.8913537 0.04097603 0.7772872 -0.6291459 0.09981576
824	/track 81 6.070119 3.462077 0.8913537 0.04097603 0.7772872 -0.6291459 0.09981576
825	/track 81 6.06948 3.460523 0.8912599 0.04140637 0.6203329 -0.7843386 0.1018328
825	/track 81 6.06948 3.460523 0.8912599 0.04140637 0.6203329 -0.7843386 0.1018328
826	/track 81 6.068955 3.459245 0.8911829 0.0417605 0.4585742 -0.8886561 0.1002859
826	/track 81 6.068955 3.459245 0.8911829 0.0417605 0.4585742 -0.8886561 0.1002859
827	/track 81 6.071809 3.465834 0.891602 0.03993531 0.6472557 -0.762273 0.1324951
827	/track 81 6.071809 3.465834 0.891602 0.03993531 0.6472557 -0.762273 0.1324951
828	/track 81 6.074337 3.471671 0.8919731 0.03831822 0.8149182 -0.5795762 0.1566647
829	/track 81 6.074337 3.471671 0.8919731 0.03831822 0.8149182 -0.5795762 0.1566647
830	/track 81 6.07654 3.476763 0.8922967 0.03690766 0.9344208 -0.3561712 0.1756772
830	/track 81 6.07654 3.476763 0.8922967 0.03690766 0.9344208 -0.3561712 0.1756772
831	/track 81 6.075692 3.474751 0.8921722 0.037465 0.8181771 -0.5749663 0.1702402
831	/track 81 6.075692 3.474751 0.8921722 0.037465 0.8181771 -0.5749663 0.1702402
832	/track 81 6.074899 3.472874 0.8920556 0.03798497 0.6660056 -0.7459468 0.1652037
832	/track 81 6.074899 3.472874 0.8920556 0.03798497 0.6660056 -0.7459468 0.1652037
832	/track 81 6.072478 3.467369 0.8917001 0.03950999 0.5007412 -0.8655971 0.1862714
832	/track 81 6.072478 3.467369 0.8917001 0.03950999 0.5007412 -0.8655971 0.1862714
833	/track 81 6.070343 3.462517 0.8913867 0.04085411 0.3424666 -0.93953 0.2007752
833	/track 81 6.070343 3.462517 0.8913867 0.04085411 0.3424666 -0.93953 0.2007752
834	/track 81 6.070828 3.463522 0.8914579 0.04057567 0.5352023 -0.8447238 0.1872614
834	/track 81 6.070828 3.463522 0.8914579 0.04057567 0.5352023 -0.8447238 0.1872614
835	/track 81 6.071284 3.464476 0.8915248 0.04031136 0.7214814 -0.6924338 0.1751444
836	/track 81 6.071284 3.464476 0.8915248 0.04031136 0.7214814 -0.6924338 0.1751444
837	/track 81 6.071705 3.465364 0.8915866 0.04006528 0.8721722 -0.4891992 0.1634127
837	/track 81 6.071705 3.465364 0.8915866 0.04006528 0.8721722 -0.4891992 0.1634127
838	/track 81 6.071101 3.464162 0.8914979 0.04039828 0.7284746 -0.6850728 0.1541524
838	/track 81 6.071101 3.464162 0.8914979 0.04039828 0.7284746 -0.6850728 0.1541524
839	/track 81 6.070582 3.463136 0.8914217 0.0406826 0.5601117 -0.8284171 0.1469519
839	/track 81 6.070582 3.463136 0.8914217 0.0406826 0.5601117 -0.8284171 0.1469519
839	/track 81 6.071097 3.464426 0.8914974 0.04032523 0.7394886 -0.6731691 0.1404277
839	/track 81 6.071097 3.464426 0.8914974 0.04032523 0.7394886 -0.6731691 0.1404277
840	/track 81 6.071566 3.465593 0.8915662 0.04000188 0.8844013 -0.4667274 0.1342467
840	/track 81 6.071566 3.465593 0.8915662 0.04000188 0.8844013 -0.4667274 0.1342467
841	/track 81 6.071985 3.466633 0.8916277 0.03971399 0.9727058 -0.2320416 0.1274138
841	/track 81 6.071985 3.466633 0.8916277 0.03971399 0.9727058 -0.2320416 0.1274138
842	/track 81 6.07289 3.468655 0.8917607 0.03915388 0.9999974 -0.002276152 0.1277049
842	/track 81 6.07289 3.468655 0.8917607 0.03915388 0.9999974 -0.002276152 0.1277049
843	/track 81 6.073678 3.47041 0.8918763 0.0386676 0.9794241 0.2018131 0.1262516
843	/track 81 6.073678 3.47041 0.8918763 0.0386676 0.9794241 0.2018131 0.1262516
844	/track 81 6.074379 3.47202 0.8919793 0.03822153 0.9283308 0.3717554 0.1246041
844	/track 81 6.074379 3.47202 0.8919793 0.03822153 0.9283308 0.3717554 0.1246041
845	/track 81 6.07497 3.473376 0.8920661 0.03784594 0.8629881 0.5052242 0.1208449
845	/track 81 6.07497 3.473376 0.8920661 0.03784594 0.8629881 0.5052242 0.1208449
846	/track 81 6.073486 3.470101 0.8918482 0.03875319 0.9397849 0.3417663 0.1312331
846	/track 81 6.073486 3.470101 0.8918482 0.03875319 0.9397849 0.3417663 0.1312331
847	/track 81 6.072162 3.467174 0.8916537 0.03956408 0.9910564 0.1334439 0.1370102
847	/track 81 6.072162 3.467174 0.8916537 0.03956408 0.9910564 0.1334439 0.1370102
848	/track 81 6.070998 3.464598 0.8914828 0.04027768 0.994222 -0.1073433 0.1399367
848	/track 81 6.070998 3.464598 0.8914828 0.04027768 0.994222 -0.1073433 0.1399367
849	/track 81 6.070997 3.464495 0.8914827 0.04030621 0.9402137 -0.340585 0.1265153
849	/track 81 6.070997 3.464495 0.8914827 0.04030621 0.9402137 -0.340585 0.1265153
850	/track 81 6.071017 3.464449 0.8914856 0.04031882 0.87691 -0.4806546 0.1141564
850	/track 81 6.071017 3.464449 0.8914856 0.04031882 0.87691 -0.4806546 0.1141564
851	/track 81 6.071297 3.465199 0.8915267 0.04011112 0.9692489 -0.2460827 0.1080765
851	/track 81 6.071297 3.465199 0.8915267 0.04011112 0.9692489 -0.2460827 0.1080765
852	/track 81 6.071557 3.465889 0.8915649 0.03992005 0.9999487 -0.01013729 0.1016056
852	/track 81 6.071557 3.465889 0.8915649 0.03992005 0.9999487 -0.01013729 0.1016056
853	/track 81 6.071795 3.466513 0.8915998 0.03974722 0.9793524 0.2021604 0.09561861
853	/track 81 6.071795 3.466513 0.8915998 0.03974722 0.9793524 0.2021604 0.09561861
854	/track 81 6.071117 3.464767 0.8915004 0.04023072 0.9993374 -0.03639705 0.09645879
854	/track 81 6.071117 3.464767 0.8915004 0.04023072 0.9993374 -0.03639705 0.09645879
855	/track 81 6.070529 3.463247 0.8914139 0.04065182 0.9582776 -0.2858391 0.09496323
855	/track 81 6.070529 3.463247 0.8914139 0.04065182 0.9582776 -0.2858391 0.09496323
856	/track 81 6.070312 3.462553 0.891382 0.04084414 0.8591837 -0.5116672 0.09152964
856	/track 81 6.070312 3.462553 0.891382 0.04084414 0.8591837 -0.5116672 0.09152964
857	/track 81 6.070138 3.461986 0.8913566 0.04100126 0.7223278 -0.6915509 0.08586504
857	/track 81 6.070138 3.461986 0.8913566 0.04100126 0.7223278 -0.6915509 0.08586504
858	/track 81 6.070215 3.462296 0.8913679 0.0409152 0.8682013 -0.4962121 0.07916091
858	/track 81 6.070215 3.462296 0.8913679 0.0409152 0.8682013 -0.4962121 0.07916091
859	/track 81 6.070299 3.462611 0.8913802 0.04082809 0.9651091 -0.2618478 0.07327907
859	/track 81 6.070299 3.462611 0.8913802 0.04082809 0.9651091 -0.2618478 0.07327907
860	/track 81 6.070386 3.462919 0.891393 0.04074256 0.9998171 -0.01912132 0.06783849
860	/track 81 6.070386 3.462919 0.891393 0.04074256 0.9998171 -0.01912132 0.06783849
861	/track 81 6.070085 3.462162 0.8913487 0.04095238 0.9632556 -0.2685861 0.065851
861	/track 81 6.070085 3.462162 0.8913487 0.04095238 0.9632556 -0.2685861 0.065851
862	/track 81 6.06983 3.461521 0.8913113 0.04113004 0.8660992 -0.4998721 0.06357757
862	/track 81 6.06983 3.461521 0.8913113 0.04113004 0.8660992 -0.4998721 0.06357757
863	/track 81 6.069397 3.460473 0.8912477 0.04142024 0.7245767 -0.6891942 0.06388886
863	/track 81 6.069397 3.460473 0.8912477 0.04142024 0.7245767 -0.6891942 0.06388886
864	/track 81 6.069032 3.459589 0.8911942 0.041665 0.5634177 -0.8261722 0.06312302
865	/track 81 6.069032 3.459589 0.8911942 0.041665 0.5634177 -0.8261722 0.06312302
866	/track 81 6.070615 3.463293 0.8914266 0.04063914 0.743965 -0.6682187 0.07918487
866	/track 81 6.070615 3.463293 0.8914266 0.04063914 0.743965 -0.6682187 0.07918487
867	/track 81 6.072014 3.466568 0.891632 0.03973189 0.8878077 -0.4602147 0.09352548
867	/track 81 6.072014 3.466568 0.891632 0.03973189 0.8878077 -0.4602147 0.09352548
868	/track 81 6.073232 3.46942 0.8918108 0.03894194 0.9741342 -0.2259703 0.1035534
868	/track 81 6.073232 3.46942 0.8918108 0.03894194 0.9741342 -0.2259703 0.1035534
869	/track 81 6.07294 3.468779 0.891768 0.03911953 0.8861407 -0.4634165 0.0976006
869	/track 81 6.07294 3.468779 0.891768 0.03911953 0.8861407 -0.4634165 0.0976006
870	/track 81 6.072654 3.468147 0.891726 0.03929449 0.7487596 -0.6628418 0.09191908
870	/track 81 6.072654 3.468147 0.891726 0.03929449 0.7487596 -0.6628418 0.09191908
871	/track 81 6.07232 3.467323 0.8916769 0.0395228 0.5897066 -0.8076175 0.08795902
871	/track 81 6.07232 3.467323 0.8916769 0.0395228 0.5897066 -0.8076175 0.08795902
871	/track 81 6.07201 3.466563 0.8916314 0.03973335 0.4294486 -0.9030913 0.08429227
871	/track 81 6.07201 3.466563 0.8916314 0.03973335 0.4294486 -0.9030913 0.08429227
872	/track 81 6.071729 3.465873 0.8915901 0.03992428 0.2823723 -0.9593049 0.08024229
872	/track 81 6.071729 3.465873 0.8915901 0.03992428 0.2823723 -0.9593049 0.08024229
873	/track 81 6.071815 3.465844 0.8916029 0.0399324 0.4477493 -0.8941591 0.07275692
873	/track 81 6.071815 3.465844 0.8916029 0.0399324 0.4477493 -0.8941591 0.07275692
874	/track 81 6.071889 3.465815 0.8916137 0.03994052 0.567941 -0.8230692 0.06597542
874	/track 81 6.071889 3.465815 0.8916137 0.03994052 0.567941 -0.8230692 0.06597542
875	/track 81 6.070997 3.464002 0.8914827 0.04044272 0.3993674 -0.916791 0.07126356
875	/track 81 6.070997 3.464002 0.8914827 0.04044272 0.3993674 -0.916791 0.07126356
876	/track 81 6.070215 3.462418 0.8913679 0.04088145 0.2444935 -0.969651 0.07452629
876	/track 81 6.070215 3.462418 0.8913679 0.04088145 0.2444935 -0.969651 0.07452629
877	/track 81 6.070808 3.463804 0.891455 0.04049741 0.4217547 -0.9067099 0.0759441
877	/track 81 6.070808 3.463804 0.891455 0.04049741 0.4217547 -0.9067099 0.0759441
878	/track 81 6.071342 3.46505 0.8915333 0.04015239 0.6106126 -0.7919295 0.07681832
879	/track 81 6.071342 3.46505 0.8915333 0.04015239 0.6106126 -0.7919295 0.07681832
