3769	/body/1/gyro/1/ 0.006959473 -0.08190069 -0.08666668 0.9928407 1.626715 9.289465 7.579762 -4.898071 1.098633 -1.495361
3769	/body/1/gyro/2/ -0.06314214 0.1304883 0.7425465 -0.6539194 16.09241 4.409575 95.3565 -1.663208 0.1983643 1.38855
3769	/body/1/gyro/3/ -0.1986486 -0.4232785 -0.6534467 -0.5952995 54.52563 -14.14298 -105.1774 -0.01525879 0.1068115 0.8087158
3769	/body/1/gyro/4/ 0.8658761 -0.2072817 -0.3160476 0.3277298 129.9637 -24.29604 35.86866 -1.800537 0.01525879 1.312256
3769	/body/1/gyro/5/ -0.9983103 0.002763024 0.04090429 -0.04117865 175.2551 -4.671502 -2.019196 0.2288818 0.793457 0.5340576
3769	/body/1/gyro/6/ -0.7292489 -0.2434703 0.1833113 0.6126298 -100.5009 1.773885 -37.97933 -0.3967285 1.373291 1.647949
3771	/body/1/gyro/1/ -0.01017571 -0.09061199 -0.08883421 0.9918641 -0.2381233 10.46049 7.684043 -5.0354 1.083374 -1.51062
3771	/body/1/gyro/2/ -0.06328055 0.130573 0.7426397 -0.6537833 16.11101 4.401412 95.37503 -1.647949 0.1525879 1.342773
3772	/body/1/gyro/3/ -0.1987437 -0.4233616 -0.6533003 -0.5953693 54.54034 -14.1484 -105.1631 -0.04577637 0.1373291 0.6103516
3773	/body/1/gyro/4/ 0.8658741 -0.2071234 -0.3160535 0.3278294 129.954 -24.30053 35.85357 -2.166748 0.2746582 1.251221
3773	/body/1/gyro/5/ -0.9983622 0.01003294 0.04050421 -0.03913472 175.4569 -4.593766 -1.196146 0.1678467 0.8850098 0.4577637
3773	/body/1/gyro/6/ -0.7294665 -0.2433917 0.182973 0.612503 -100.5335 1.788548 -37.94662 -0.50354 1.342773 1.785278
3774	/body/1/gyro/1/ 0.009710445 -0.07884502 -0.09355808 0.9924394 1.973758 8.898287 8.3944 -4.867554 1.159668 -1.464844
3774	/body/1/gyro/2/ -0.06321771 0.1303146 0.7424767 -0.654026 16.08223 4.392179 95.33903 -1.647949 0.2441406 1.434326
3774	/body/1/gyro/3/ -0.1985883 -0.4235725 -0.6530797 -0.5955132 54.55025 -14.18762 -105.152 -0.1068115 0.01525879 0.5645752
3774	/body/1/gyro/4/ 0.8658953 -0.2071574 -0.3157149 0.328078 129.9458 -24.25664 35.8381 -1.983643 0.1220703 1.235962
3774	/body/1/gyro/5/ -0.998398 0.01252317 0.03973189 -0.03828847 175.5443 -4.495309 -0.9177529 0.06103516 0.9155273 0.5187988
3774	/body/1/gyro/6/ -0.7298602 -0.2433545 0.182559 0.6121722 -100.5985 1.803087 -37.91243 -1.098633 1.266479 1.647949
3777	/body/1/gyro/1/ -0.01044853 -0.08848064 -0.09781841 0.9912081 -0.1981372 10.22124 8.72437 -4.989624 1.037598 -1.373291
3777	/body/1/gyro/2/ -0.06340082 0.1302613 0.7423253 -0.6541907 16.09036 4.376114 95.31117 -1.678467 0.2288818 1.358032
3777	/body/1/gyro/3/ -0.1988067 -0.42294 -0.6534061 -0.5955318 54.49738 -14.11952 -105.135 0.04577637 0.1983643 0.8392334
3777	/body/1/gyro/4/ 0.8658953 -0.2071885 -0.3154862 0.3282783 129.9361 -24.22525 35.82933 -1.998901 0.03051758 1.037598
3777	/body/1/gyro/5/ -0.9985745 -0.003865574 0.04103255 -0.03391637 176.1211 -4.715628 -2.813818 0.09155273 0.9613037 0.7019043
3777	/body/1/gyro/6/ -0.729494 -0.2429639 0.1825552 0.6127648 -100.514 1.800164 -37.87466 -0.2288818 1.266479 1.815796
3779	/body/1/gyro/1/ 0.007030161 -0.07951924 -0.09563456 0.9922103 1.691844 9.00119 8.614115 -5.020142 1.052856 -1.403809
3779	/body/1/gyro/2/ -0.06329933 0.1302823 0.7421687 -0.6543739 16.08354 4.390239 95.285 -1.647949 0.2288818 1.342773
3779	/body/1/gyro/3/ -0.1988994 -0.4227415 -0.6534916 -0.595548 54.48238 -14.0972 -105.1269 0.06103516 0.1373291 0.8087158
3779	/body/1/gyro/4/ 0.8658336 -0.2071103 -0.3155945 0.3283864 129.9169 -24.23501 35.83107 -2.13623 0.1983643 1.281738
3779	/body/1/gyro/5/ -0.9983537 -0.009856123 0.04065076 -0.03924759 175.5364 -4.700163 -3.477975 0.1678467 0.793457 0.50354
3779	/body/1/gyro/6/ -0.7295705 -0.2430331 0.1825243 0.6126555 -100.531 1.802962 -37.87897 -0.6713867 1.266479 1.724243
3781	/body/1/gyro/1/ -0.01287207 -0.08985627 -0.09719641 0.9911171 -0.4688348 10.40578 8.629203 -4.882812 1.068115 -1.480103
3781	/body/1/gyro/2/ -0.06311714 0.1302455 0.7422904 -0.6542609 16.06728 4.400435 95.30493 -1.647949 0.1525879 1.358032
3782	/body/1/gyro/3/ -0.19921 -0.4229136 -0.6534528 -0.5953646 54.52504 -14.07707 -105.1373 -0.09155273 0.1983643 0.5187988
3782	/body/1/gyro/4/ 0.8657495 -0.2070363 -0.3157575 0.3284979 129.8935 -24.24956 35.83743 -2.365112 0.3814697 1.220703
3782	/body/1/gyro/5/ -0.9983862 -0.01356598 0.03979229 -0.03817798 175.6759 -4.616846 -3.912572 0.1220703 0.9155273 0.5493164
3782	/body/1/gyro/6/ -0.7298309 -0.2429627 0.1826497 0.6123358 -100.5711 1.773171 -37.88258 -0.7324219 1.251221 1.693726
3784	/body/1/gyro/1/ 0.00642175 -0.08056639 -0.09507565 0.9921837 1.628732 9.128675 8.547303 -4.959106 1.113892 -1.495361
3784	/body/1/gyro/2/ -0.06310252 0.1300514 0.7424071 -0.6541684 16.04968 4.384858 95.31902 -1.647949 0.01525879 1.373291
3784	/body/1/gyro/3/ -0.1993653 -0.4228818 -0.6535572 -0.5952206 54.53437 -14.05319 -105.1492 -0.06103516 0.06103516 0.579834
3784	/body/1/gyro/4/ 0.8657915 -0.206991 -0.3156908 0.3284801 129.9011 -24.2463 35.82694 -1.739502 -0.1373291 1.251221
3784	/body/1/gyro/5/ -0.9981626 -0.02119641 0.04141797 -0.03881651 175.641 -4.837457 -4.778823 0.1373291 0.9765625 0.579834
3784	/body/1/gyro/6/ -0.7299049 -0.2429325 0.182671 0.6122531 -100.582 1.76542 -37.88155 -0.4730225 1.220703 1.831055
3786	/body/1/gyro/1/ -0.008338678 -0.09091375 -0.09801348 0.9909887 0.0754253 10.476 8.773824 -4.943848 1.068115 -1.358032
3787	/body/1/gyro/2/ -0.0628828 0.1300935 0.7424864 -0.6540912 16.03733 4.405041 95.33416 -1.602173 0.1373291 1.373291
3788	/body/1/gyro/3/ -0.1993109 -0.4223456 -0.6538667 -0.5952795 54.47223 -14.01535 -105.1412 -0.1678467 0.1068115 0.6408691
3788	/body/1/gyro/4/ 0.8657807 -0.2069479 -0.3156384 0.3285861 129.8925 -24.23919 35.82068 -2.075195 0.1678467 1.144409
3788	/body/1/gyro/5/ -0.9983338 -0.02294919 0.03791664 -0.03695103 175.8565 -4.439301 -5.003036 0.1373291 0.8850098 0.5645752
3788	/body/1/gyro/6/ -0.729882 -0.2437162 0.1829631 0.6118817 -100.6227 1.786083 -37.97727 -0.5340576 1.251221 1.693726
3789	/body/1/gyro/1/ 0.009153165 -0.07515295 -0.09834824 0.992268 1.908914 8.473 8.932139 -4.959106 1.12915 -1.449585
3789	/body/1/gyro/2/ -0.0627161 0.1300474 0.7426941 -0.6538806 16.02198 4.411159 95.36863 -1.63269 0.1068115 1.342773
3789	/body/1/gyro/3/ -0.1995518 -0.4222735 -0.6539947 -0.5951093 54.4836 -13.98018 -105.1522 -0.04577637 0.09155273 0.50354
3789	/body/1/gyro/4/ 0.8658584 -0.2069507 -0.3154407 0.3285692 129.9079 -24.22109 35.80595 -1.846313 0.09155273 1.174927
3789	/body/1/gyro/5/ -0.9980599 -0.02298518 0.04069727 -0.04113122 175.3821 -4.768354 -4.976187 0.1373291 0.8850098 0.5493164
3790	/body/1/gyro/6/ -0.7299554 -0.2442461 0.1834606 0.6114337 -100.6652 1.767542 -38.06513 -0.5645752 1.266479 1.678467
3792	/body/1/gyro/1/ -0.007035856 -0.09073093 -0.1014246 0.9906722 0.2600885 10.43946 9.184862 -4.974365 0.9613037 -1.358032
3792	/body/1/gyro/2/ -0.06279962 0.1299629 0.7429048 -0.6536499 16.02214 4.39271 95.40221 -1.77002 0.1678467 1.464844
3792	/body/1/gyro/3/ -0.1992429 -0.4213921 -0.6544076 -0.5953836 54.36382 -13.94603 -105.1256 -0.1678467 0.2746582 0.5187988
3792	/body/1/gyro/4/ 0.8657265 -0.2063234 -0.3154451 0.3293063 129.8288 -24.22312 35.7528 -2.334595 0.3509521 1.12915
3792	/body/1/gyro/5/ -0.9983577 -0.01304888 0.03997201 -0.03891019 175.5896 -4.636172 -3.849041 0.1373291 0.8850098 0.579834
3792	/body/1/gyro/6/ -0.729558 -0.2434501 0.1835878 0.6121868 -100.5521 1.730479 -37.9993 -0.4577637 1.174927 1.77002
3794	/body/1/gyro/1/ 0.008035582 -0.07244777 -0.09853555 0.9924603 1.749957 8.176298 8.935042 -4.974365 1.083374 -1.38855
3794	/body/1/gyro/2/ -0.06310214 0.1302181 0.7430193 -0.6534399 16.06842 4.382078 95.42953 -1.678467 -0.06103516 1.281738
3795	/body/1/gyro/3/ -0.1994126 -0.4218864 -0.6541803 -0.5952265 54.43077 -13.96519 -105.1412 -0.1220703 0.2288818 0.5493164
3796	/body/1/gyro/4/ 0.8655903 -0.2058288 -0.3154674 0.3299519 129.7572 -24.22393 35.71384 -2.456665 0.6103516 1.205444
3796	/body/1/gyro/5/ -0.9983342 -0.01044424 0.04112864 -0.03909184 175.5573 -4.757395 -3.544135 -0.09155273 1.098633 0.50354
3796	/body/1/gyro/6/ -0.7295884 -0.2433156 0.1832376 0.6123089 -100.5498 1.753097 -37.96 -0.8087158 1.205444 1.739502
3797	/body/1/gyro/1/ -0.005330419 -0.09242406 -0.09735253 0.9909348 0.4331959 10.6151 8.732066 -4.974365 1.144409 -1.419067
3797	/body/1/gyro/2/ -0.06284916 0.1301503 0.743356 -0.6530948 16.04547 4.390994 95.48566 -1.617432 0.07629395 1.403809
3797	/body/1/gyro/3/ -0.1993686 -0.4221359 -0.6540349 -0.5952242 54.45448 -13.98944 -105.145 -0.2288818 0.213623 0.7324219
3797	/body/1/gyro/4/ 0.865685 -0.2053458 -0.3152872 0.3301765 129.751 -24.22231 35.65133 -2.548218 0.6103516 1.12915
3797	/body/1/gyro/5/ -0.9983759 -0.009837259 0.0401835 -0.03916694 175.5453 -4.646453 -3.478244 -0.04577637 1.113892 0.5645752
3797	/body/1/gyro/6/ -0.729453 -0.2430171 0.1830898 0.6126329 -100.5098 1.756379 -37.92042 -0.7324219 1.220703 1.785278
3800	/body/1/gyro/1/ 0.007724389 -0.0750989 -0.09555665 0.992557 1.719989 8.48808 8.595849 -4.867554 1.098633 -1.373291
3800	/body/1/gyro/2/ -0.0629603 0.1303422 0.743592 -0.652777 16.07247 4.389435 95.53218 -1.693726 0.1068115 1.342773
3800	/body/1/gyro/3/ -0.1993669 -0.422427 -0.6537572 -0.5953233 54.48435 -14.02151 -105.1326 -0.03051758 0.1525879 0.6408691
3800	/body/1/gyro/4/ 0.8656284 -0.2063074 -0.3160032 0.3290391 129.8242 -24.28754 35.78616 -2.151489 0.289917 1.251221
3800	/body/1/gyro/5/ -0.9984031 -0.007605418 0.04064675 -0.03848841 175.6131 -4.689112 -3.223191 0.1525879 0.9155273 0.50354
3800	/body/1/gyro/6/ -0.7296175 -0.2433555 0.1827813 0.6123949 -100.5572 1.795855 -37.92893 -0.4730225 1.281738 1.647949
3802	/body/1/gyro/1/ -0.008535081 -0.09379546 -0.09724898 0.9907937 0.07758059 10.80832 8.688887 -5.0354 0.9765625 -1.403809
3802	/body/1/gyro/2/ -0.06296545 0.1304639 0.7438655 -0.6524405 16.08547 4.391105 95.58311 -1.678467 0.2288818 1.373291
3802	/body/1/gyro/3/ -0.1987499 -0.4224435 -0.6535588 -0.5957356 54.43747 -14.09555 -105.107 -0.1983643 0.07629395 0.6103516
3802	/body/1/gyro/4/ 0.8655236 -0.2071855 -0.3166481 0.328142 129.8739 -24.34061 35.91206 -2.182007 0.2746582 1.220703
3802	/body/1/gyro/5/ -0.9984773 -0.006744493 0.03902407 -0.0384013 175.6186 -4.499321 -3.131827 0.1525879 0.8392334 0.5340576
3803	/body/1/gyro/6/ -0.7296354 -0.2434112 0.1827765 0.6123528 -100.5634 1.798614 -37.93383 -0.3967285 1.266479 1.815796
3805	/body/1/gyro/1/ 0.006381182 -0.07743654 -0.09840239 0.9921088 1.617748 8.765752 8.922722 -4.989624 1.052856 -1.464844
3805	/body/1/gyro/2/ -0.06288147 0.130422 0.7429465 -0.6535032 16.06943 4.417714 95.42353 -1.647949 0.1220703 1.327515
3805	/body/1/gyro/3/ -0.1992423 -0.4228957 -0.6533067 -0.5955268 54.52332 -14.08487 -105.1128 -0.1525879 0.213623 0.5645752
3805	/body/1/gyro/4/ 0.8654884 -0.2079939 -0.3172123 0.327177 129.9386 -24.39252 36.02261 -2.059937 0.2288818 1.174927
3805	/body/1/gyro/5/ -0.9984018 -0.006360101 0.03972001 -0.0396948 175.4684 -4.578104 -3.078734 0.1220703 0.9613037 0.4882812
3805	/body/1/gyro/6/ -0.7296777 -0.243392 0.1828258 0.6122953 -100.5695 1.790657 -37.93589 -0.7629395 1.251221 1.693726
3807	/body/1/gyro/1/ -0.007289118 -0.09218424 -0.1018541 0.9904922 0.2529342 10.60869 9.235872 -4.898071 1.098633 -1.403809
3807	/body/1/gyro/2/ -0.06303181 0.1302441 0.7422314 -0.6543363 16.06033 4.409166 95.29482 -1.739502 0.1678467 1.38855
3808	/body/1/gyro/3/ -0.1996239 -0.4226832 -0.6534593 -0.5953824 54.52919 -14.02966 -105.1121 -0.04577637 0.1373291 0.7324219
3808	/body/1/gyro/4/ 0.865465 -0.207633 -0.3168421 0.3278259 129.891 -24.34919 35.96957 -2.197266 0.213623 1.113892
3808	/body/1/gyro/5/ -0.998426 -0.01435115 0.0408153 -0.03568867 175.9669 -4.733802 -4.010226 0.09155273 0.9765625 0.4272461
3808	/body/1/gyro/6/ -0.7294636 -0.2441852 0.1836323 0.6119931 -100.5781 1.774919 -38.07138 -0.3204346 1.266479 1.953125
3810	/body/1/gyro/1/ 0.00933571 -0.07479142 -0.09955094 0.9921737 1.935885 8.427243 9.071968 -5.065918 1.113892 -1.312256
3810	/body/1/gyro/2/ -0.06337802 0.1301871 0.7414705 -0.6551764 16.07653 4.393457 95.16199 -1.678467 0.1525879 1.373291
3810	/body/1/gyro/3/ -0.1997 -0.4221984 -0.6537634 -0.5953669 54.4827 -13.98175 -105.108 -0.3051758 0.1068115 0.4119873
3810	/body/1/gyro/4/ 0.8655202 -0.2072671 -0.3164659 0.3282751 129.8684 -24.3138 35.91084 -1.617432 -0.1831055 1.312256
3810	/body/1/gyro/5/ -0.9983263 -0.01578814 0.03908177 -0.03959747 175.5221 -4.547358 -4.164189 0.1068115 0.9002686 0.5950928
3810	/body/1/gyro/6/ -0.7294132 -0.2447225 0.184307 0.6116356 -100.6 1.747222 -38.17321 -0.9460449 1.281738 1.617432
3812	/body/1/gyro/1/ -0.004865296 -0.08878544 -0.09335754 0.9916541 0.4033279 10.19491 8.262297 -4.91333 1.00708 -1.449585
3812	/body/1/gyro/2/ -0.0635801 0.130046 0.7412748 -0.6554062 16.07804 4.370475 95.12384 -1.647949 0.1983643 1.403809
3812	/body/1/gyro/3/ -0.1998846 -0.4222656 -0.6537651 -0.5952554 54.50432 -13.96662 -105.1143 -0.03051758 -0.01525879 0.5950928
3812	/body/1/gyro/4/ 0.8654926 -0.2069922 -0.3162369 0.3287417 129.8318 -24.28699 35.87375 -2.258301 0.213623 1.159668
3813	/body/1/gyro/5/ -0.9982659 -0.01717096 0.04077813 -0.03882712 175.6194 -4.746552 -4.319228 0.1068115 0.8850098 0.6408691
3813	/body/1/gyro/6/ -0.7294863 -0.2452944 0.1847728 0.6111787 -100.645 1.733976 -38.26263 -0.213623 1.281738 1.89209
3815	/body/1/gyro/1/ 0.01060724 -0.07578659 -0.08947328 0.993045 2.00677 8.547012 7.916859 -4.989624 1.083374 -1.403809
3815	/body/1/gyro/2/ -0.06363562 0.1299259 0.7410855 -0.6556387 16.07039 4.36156 95.08759 -1.617432 0.1525879 1.419067
3815	/body/1/gyro/3/ -0.1995893 -0.4222134 -0.6536707 -0.5954952 54.47489 -13.99994 -105.0959 0.07629395 0.03051758 0.7171631
3815	/body/1/gyro/4/ 0.8654965 -0.2065837 -0.3161631 0.3290592 129.8055 -24.28775 35.82965 -2.166748 0.2593994 1.098633
3815	/body/1/gyro/5/ -0.9984101 -0.00747793 0.03794416 -0.04100662 175.3221 -4.380573 -3.209245 0.09155273 0.9002686 0.5950928
3815	/body/1/gyro/6/ -0.7292781 -0.2448714 0.1843501 0.6117241 -100.5856 1.759396 -38.19016 -0.3051758 1.220703 1.89209
3817	/body/1/gyro/1/ -0.00943911 -0.09094502 -0.09242748 0.9915125 -0.1110832 10.49159 8.111094 -4.989624 1.068115 -1.327515
3817	/body/1/gyro/2/ -0.06367702 0.1299278 0.7408851 -0.6558607 16.0724 4.362952 95.05325 -1.617432 0.2746582 1.434326
3817	/body/1/gyro/3/ -0.1995924 -0.42266 -0.6533194 -0.5955629 54.52217 -14.04276 -105.0883 0.1220703 0.07629395 0.9765625
3817	/body/1/gyro/4/ 0.86547 -0.2062064 -0.3161249 0.3294019 129.7731 -24.28927 35.79234 -2.166748 0.2593994 1.235962
3818	/body/1/gyro/5/ -0.9985726 -0.008813687 0.03914168 -0.03525634 175.9895 -4.519196 -3.383081 0.06103516 0.9155273 0.6103516
3819	/body/1/gyro/6/ -0.7295273 -0.2447655 0.1838535 0.6116189 -100.6221 1.785288 -38.14286 -0.8087158 1.266479 1.571655
3820	/body/1/gyro/1/ 0.007387217 -0.07726195 -0.09391035 0.9925507 1.691542 8.741996 8.409225 -4.943848 1.12915 -1.480103
3820	/body/1/gyro/2/ -0.0633421 0.1297552 0.7411365 -0.6556432 16.03333 4.373393 95.09134 -1.678467 0.1068115 1.296997
3820	/body/1/gyro/3/ -0.1985391 -0.4231167 -0.6528801 -0.5960721 54.49062 -14.19198 -105.074 -0.5645752 0.1831055 0.7171631
3820	/body/1/gyro/4/ 0.8656441 -0.205944 -0.3156591 0.3295553 129.7909 -24.2524 35.73177 -2.13623 -0.01525879 1.144409
3820	/body/1/gyro/5/ -0.9983115 -0.006992861 0.03882728 -0.04263345 175.1332 -4.480494 -3.142164 -0.2288818 0.9765625 0.579834
3820	/body/1/gyro/6/ -0.729331 -0.2445307 0.183578 0.6120296 -100.5754 1.807517 -38.09931 -0.1983643 1.434326 1.678467
3822	/body/1/gyro/1/ -0.007997752 -0.09188847 -0.09776568 0.990926 0.1233779 10.58379 8.750667 -4.943848 1.068115 -1.419067
3823	/body/1/gyro/2/ -0.06334105 0.1295042 0.7414212 -0.655371 16.0128 4.348438 95.13249 -1.937866 -0.1525879 1.556396
3823	/body/1/gyro/3/ -0.1988312 -0.4232875 -0.6529032 -0.5958282 54.53264 -14.16873 -105.0938 0.2288818 -0.1678467 0.5493164
3823	/body/1/gyro/4/ 0.8654913 -0.2060334 -0.3159432 0.3296286 129.7609 -24.27163 35.76466 -2.944946 0.6561279 0.9613037
3823	/body/1/gyro/5/ -0.9983925 -0.0005925167 0.04296567 -0.03696036 175.7548 -4.924158 -2.415391 0.3509521 0.9155273 0.5950928
3823	/body/1/gyro/6/ -0.7293746 -0.2444291 0.183567 0.6120214 -100.577 1.800147 -38.08905 -0.6713867 1.251221 1.800537
3825	/body/1/gyro/1/ 0.009033123 -0.07491542 -0.09515806 0.9925981 1.864945 8.453267 8.559992 -5.020142 1.022339 -1.464844
3825	/body/1/gyro/2/ -0.06346229 0.1296714 0.741641 -0.6550774 16.03823 4.344727 95.17529 -1.693726 0.3204346 1.358032
3825	/body/1/gyro/3/ -0.1993603 -0.4234911 -0.6528581 -0.5955561 54.5952 -14.12969 -105.1054 0.1678467 -0.06103516 0.9613037
3825	/body/1/gyro/4/ 0.8657694 -0.2062187 -0.3155304 0.3291773 129.8409 -24.24179 35.7443 -1.113892 -0.4272461 1.174927
3825	/body/1/gyro/5/ -0.9984578 0.001860537 0.03871231 -0.03974631 175.4257 -4.425187 -2.139642 -0.2746582 1.296997 0.50354
3825	/body/1/gyro/6/ -0.7294956 -0.2444178 0.1834238 0.6119247 -100.597 1.806086 -38.07733 -0.7629395 1.12915 1.831055
3828	/body/1/gyro/1/ -0.005499735 -0.09253837 -0.08738835 0.9918516 0.3068595 10.63373 7.56879 -4.943848 1.052856 -1.449585
3828	/body/1/gyro/2/ -0.06339986 0.1298711 0.7424022 -0.6541811 16.05611 4.346161 95.31232 -1.602173 0.3814697 1.358032
3828	/body/1/gyro/3/ -0.1994876 -0.4231857 -0.6529999 -0.5955752 54.5711 -14.09598 -105.0946 -0.03051758 0.2288818 0.6561279
3828	/body/1/gyro/4/ 0.8657595 -0.2062785 -0.3155773 0.3291211 129.8435 -24.24547 35.75321 -2.166748 0.1220703 1.144409
3828	/body/1/gyro/5/ -0.9983675 0.001521476 0.04291594 -0.03765818 175.6642 -4.909216 -2.169415 -0.1831055 1.083374 0.6103516
3828	/body/1/gyro/6/ -0.7297041 -0.2443369 0.1834003 0.6117154 -100.6277 1.792121 -38.06845 -1.296997 1.281738 1.571655
3830	/body/1/gyro/1/ 0.008465677 -0.07556061 -0.08575293 0.9934109 1.725641 8.550066 7.466285 -4.882812 1.037598 -1.373291
3830	/body/1/gyro/2/ -0.06326129 0.130054 0.742982 -0.6534996 16.06561 4.357327 95.41788 -1.647949 0.2288818 1.235962
3830	/body/1/gyro/3/ -0.1998947 -0.4222638 -0.6538004 -0.5952145 54.50535 -13.96285 -105.1195 -0.3509521 0.06103516 0.2441406
3831	/body/1/gyro/4/ 0.8658982 -0.2063804 -0.3154425 0.3288214 129.8876 -24.23986 35.74768 -1.586914 -0.289917 1.205444
3832	/body/1/gyro/5/ -0.9985216 -0.001741746 0.03806823 -0.03876081 175.5551 -4.367814 -2.560296 0.04577637 0.9155273 0.5950928
3832	/body/1/gyro/6/ -0.7289541 -0.2438539 0.1836216 0.6127351 -100.4726 1.784039 -38.0383 -0.2441406 1.373291 1.678467
3833	/body/1/gyro/1/ -0.008978172 -0.09311236 -0.08836979 0.9916856 -0.07875086 10.73479 7.647035 -4.943848 1.113892 -1.373291
3833	/body/1/gyro/2/ -0.06318855 0.1300952 0.7435785 -0.6528196 16.06761 4.35214 95.52198 -1.51062 -0.1831055 1.205444
3833	/body/1/gyro/3/ -0.2003576 -0.4223014 -0.654151 -0.5946469 54.54912 -13.89316 -105.1749 -0.2288818 -0.03051758 -0.04577637
3833	/body/1/gyro/4/ 0.8659867 -0.2064791 -0.3153735 0.3285924 129.9186 -24.23773 35.74834 -1.663208 -0.1373291 1.205444
3833	/body/1/gyro/5/ -0.9983677 -0.002658221 0.04299781 -0.03749751 175.7033 -4.936672 -2.6498 -0.06103516 1.068115 0.6408691
3833	/body/1/gyro/6/ -0.7293411 -0.2438539 0.1834479 0.6123264 -100.5384 1.778989 -38.02594 -0.6866455 1.190186 1.754761
3835	/body/1/gyro/1/ 0.006991669 -0.07818688 -0.09137965 0.9927173 1.63377 8.856318 8.115042 -4.91333 0.9460449 -1.38855
3836	/body/1/gyro/2/ -0.06349546 0.1303274 0.7433037 -0.6530565 16.10967 4.348887 95.48153 -1.190186 -0.1068115 1.266479
3837	/body/1/gyro/3/ -0.2005324 -0.4225122 -0.6541798 -0.5944064 54.58709 -13.88178 -105.2004 -0.1831055 0.1525879 0.289917
3837	/body/1/gyro/4/ 0.8659917 -0.2065864 -0.3154271 0.3284604 129.9292 -24.24276 35.76133 -2.090454 0.2746582 1.190186
3837	/body/1/gyro/5/ -0.9984701 -0.002633673 0.03970032 -0.038397 175.6005 -4.558758 -2.657057 0.04577637 0.9613037 0.579834
3837	/body/1/gyro/6/ -0.7294198 -0.243881 0.1832267 0.6122882 -100.5534 1.796664 -38.01175 -0.9460449 1.342773 1.663208
3838	/body/1/gyro/1/ -0.010502 -0.09175555 -0.09596429 0.9910911 -0.1868982 10.59653 8.513734 -4.852295 1.052856 -1.419067
3838	/body/1/gyro/2/ -0.0636697 0.1302852 0.743099 -0.6532808 16.11777 4.335693 95.44481 -1.434326 0.07629395 1.235962
3838	/body/1/gyro/3/ -0.2006063 -0.4223455 -0.6543763 -0.5942836 54.57593 -13.85361 -105.2129 -0.01525879 -0.04577637 0.4882812
3838	/body/1/gyro/4/ 0.8660446 -0.2068876 -0.3153252 0.3282289 129.9588 -24.22735 35.78232 -1.480103 -0.289917 1.205444
3838	/body/1/gyro/5/ -0.9983692 -0.002806429 0.04062742 -0.04000684 175.416 -4.665988 -2.665263 0.09155273 0.9307861 0.5187988
3839	/body/1/gyro/6/ -0.7294068 -0.2444529 0.1841505 0.6117982 -100.5835 1.746094 -38.13596 -0.3509521 1.312256 1.831055
3841	/body/1/gyro/1/ 0.00865954 -0.07935285 -0.09320922 0.9924415 1.855381 8.968522 8.34638 -5.004883 1.190186 -1.464844
3842	/body/1/gyro/2/ -0.0636771 0.1305868 0.7428589 -0.6534929 16.14361 4.36264 95.41283 -1.38855 0.09155273 1.251221
3842	/body/1/gyro/3/ -0.2006843 -0.4223715 -0.654441 -0.5941675 54.58566 -13.84209 -105.2252 -0.2288818 0.2746582 0.3204346
3842	/body/1/gyro/4/ 0.8659041 -0.2071292 -0.3155047 0.3282749 129.9364 -24.23016 35.82394 -2.288818 0.3051758 1.205444
3842	/body/1/gyro/5/ -0.9984469 -0.003249913 0.040629 -0.03797874 175.6513 -4.667816 -2.725664 0.03051758 0.8087158 0.4730225
3842	/body/1/gyro/6/ -0.7297277 -0.245211 0.1844961 0.6110075 -100.6814 1.741353 -38.23423 -0.8392334 1.266479 1.678467
3843	/body/1/gyro/1/ -0.008923707 -0.08561292 -0.1052999 0.9907082 0.02026743 9.875868 9.60585 -4.898071 1.052856 -1.403809
3843	/body/1/gyro/2/ -0.06393621 0.1302493 0.7425557 -0.6538794 16.13124 4.323187 95.34995 -1.586914 -0.04577637 1.373291
3844	/body/1/gyro/3/ -0.1999714 -0.4222224 -0.6543709 -0.594591 54.51418 -13.90946 -105.2026 -0.2441406 0.213623 0.4272461
3845	/body/1/gyro/4/ 0.866132 -0.2073241 -0.3154296 0.327622 130.0181 -24.23999 35.82511 -1.739502 -0.04577637 1.022339
3845	/body/1/gyro/5/ -0.9981031 0.01757916 0.04078334 -0.04263682 175.0191 -4.58356 -0.312494 0.07629395 0.9002686 0.6103516
3845	/body/1/gyro/6/ -0.7293147 -0.2456557 0.1851789 0.6111155 -100.6365 1.727194 -38.32718 -0.5950928 1.281738 1.77002
3846	/body/1/gyro/1/ 0.01349667 -0.0821803 -0.102832 0.9912062 2.534921 9.214992 9.520161 -4.928589 1.068115 -1.419067
3846	/body/1/gyro/2/ -0.06404865 0.1300947 0.7422246 -0.654275 16.12389 4.310324 95.28811 -1.586914 0.03051758 1.251221
3846	/body/1/gyro/3/ -0.1998751 -0.4223049 -0.6542748 -0.5946706 54.51525 -13.92893 -105.1968 -0.06103516 0.1678467 0.5340576
3846	/body/1/gyro/4/ 0.8662159 -0.2074346 -0.3151497 0.3275997 130.0377 -24.20888 35.81634 -1.754761 0 1.190186
3846	/body/1/gyro/5/ -0.9981478 0.02526133 0.04338766 -0.03435646 175.9266 -4.869057 0.5427449 0.1220703 0.8392334 0.5493164
3846	/body/1/gyro/6/ -0.7294655 -0.2457828 0.1854602 0.610799 -100.6693 1.700453 -38.36096 -0.6561279 1.220703 1.831055
3848	/body/1/gyro/1/ -0.01072891 -0.08605066 -0.1054243 0.9906392 -0.181101 9.947893 9.603405 -5.020142 0.9918213 -1.449585
3848	/body/1/gyro/2/ -0.06379358 0.1301031 0.7419508 -0.6546087 16.10361 4.339712 95.24153 -1.647949 0.2746582 1.38855
3849	/body/1/gyro/3/ -0.1999698 -0.4225183 -0.6541183 -0.5946593 54.54497 -13.93972 -105.1945 0.1220703 0.09155273 0.7476807
3850	/body/1/gyro/4/ 0.8660156 -0.2074367 -0.3153717 0.3279142 129.9839 -24.21682 35.84033 -2.5177 0.4577637 1.12915
3850	/body/1/gyro/5/ -0.9979126 0.02828892 0.03983421 -0.04222911 175.0208 -4.422634 0.90997 0.1220703 0.9002686 0.5645752
3850	/body/1/gyro/6/ -0.7292912 -0.2460549 0.185424 0.6109086 -100.6554 1.729328 -38.38333 -0.5340576 1.235962 1.739502
3851	/body/1/gyro/1/ 0.008107816 -0.0802842 -0.0953322 0.9921696 1.821979 9.077205 8.591424 -4.959106 1.068115 -1.480103
3851	/body/1/gyro/2/ -0.06386098 0.1301778 0.742268 -0.6542276 16.11736 4.331557 95.29832 -1.77002 0.1068115 1.464844
3851	/body/1/gyro/3/ -0.1995385 -0.4227289 -0.6537316 -0.5950794 54.53194 -14.01792 -105.1592 0.09155273 0.1220703 0.9918213
3852	/body/1/gyro/4/ 0.8660513 -0.2067445 -0.3150814 0.3285355 129.9404 -24.19902 35.75529 -1.739502 -0.1068115 1.220703
3853	/body/1/gyro/5/ -0.9986663 0.006869344 0.04030356 -0.0315265 176.3462 -4.592387 -1.595235 0.2288818 0.9307861 0.5950928
3853	/body/1/gyro/6/ -0.7290883 -0.2455654 0.1851154 0.6114411 -100.5929 1.740142 -38.31332 -0.5645752 1.281738 1.693726
3854	/body/1/gyro/1/ -0.01404197 -0.08934396 -0.09104095 0.9917318 -0.674711 10.3562 7.898956 -4.882812 1.113892 -1.434326
3854	/body/1/gyro/2/ -0.06369583 0.1302948 0.742608 -0.6538345 16.11745 4.346067 95.36056 -1.754761 0.2441406 1.617432
3854	/body/1/gyro/3/ -0.1992434 -0.4225974 -0.6536054 -0.5954103 54.49285 -14.05095 -105.1276 -0.03051758 0.09155273 0.8239746
3854	/body/1/gyro/4/ 0.8660484 -0.2061278 -0.3149772 0.3290302 129.8983 -24.20021 35.68963 -2.029419 0.03051758 1.159668
3854	/body/1/gyro/5/ -0.9983767 -0.003688244 0.0413567 -0.03898594 175.5374 -4.753364 -2.768015 0.213623 0.9002686 0.579834
3854	/body/1/gyro/6/ -0.7291288 -0.2453977 0.1847588 0.6115679 -100.5903 1.760909 -38.27042 -0.6561279 1.266479 1.861572
3856	/body/1/gyro/1/ 0.005169425 -0.08143895 -0.09010968 0.9925831 1.447881 9.249748 7.961661 -4.989624 1.113892 -1.434326
3856	/body/1/gyro/2/ -0.06403507 0.1301509 0.741419 -0.655178 16.12274 4.335145 95.15144 -1.831055 0.04577637 1.464844
3856	/body/1/gyro/3/ -0.1992906 -0.4229486 -0.6533008 -0.5954794 54.533 -14.08262 -105.1171 0.09155273 0.1373291 0.7476807
3857	/body/1/gyro/4/ 0.8660466 -0.2056457 -0.3148192 0.3294875 129.8618 -24.19107 35.6343 -2.090454 0.1678467 1.159668
3858	/body/1/gyro/5/ -0.9984697 -0.00845668 0.0395412 -0.03772644 175.7042 -4.565543 -3.329201 0.1525879 0.9002686 0.5950928
3858	/body/1/gyro/6/ -0.7289951 -0.2453278 0.1843032 0.6118927 -100.5638 1.80605 -38.22871 -0.5187988 1.235962 1.831055
3859	/body/1/gyro/1/ -0.009909866 -0.08943685 -0.09526549 0.9913765 -0.1519057 10.32429 8.434151 -4.928589 1.037598 -1.403809
3859	/body/1/gyro/2/ -0.0644523 0.1297747 0.7403271 -0.6564451 16.11409 4.29826 94.95217 -1.663208 0.1373291 1.480103
3859	/body/1/gyro/3/ -0.1994788 -0.421949 -0.653967 -0.5953944 54.44002 -13.97787 -105.1145 0.03051758 0.09155273 0.579834
3859	/body/1/gyro/4/ 0.8659247 -0.2065599 -0.3156697 0.3284205 129.9182 -24.26863 35.7754 -2.13623 0.1831055 1.296997
3859	/body/1/gyro/5/ -0.9983368 -0.01122939 0.04002757 -0.03994232 175.4625 -4.635646 -3.635128 0.1831055 0.9002686 0.5645752
3860	/body/1/gyro/6/ -0.7290006 -0.2453991 0.1844798 0.6118045 -100.5687 1.793693 -38.24892 -0.7171631 1.266479 1.77002
3861	/body/1/gyro/1/ 0.01092314 -0.0784269 -0.09110275 0.9926884 2.086548 8.842377 8.118467 -4.928589 1.00708 -1.403809
3862	/body/1/gyro/2/ -0.0647404 0.1296975 0.7392309 -0.6576662 16.12224 4.294277 94.76188 -1.663208 0 1.403809
3862	/body/1/gyro/3/ -0.1997267 -0.4218939 -0.6541068 -0.5951967 54.45406 -13.9417 -105.129 -0.03051758 0.1220703 0.6408691
3862	/body/1/gyro/4/ 0.8656669 -0.2073376 -0.3165243 0.3277868 129.9231 -24.33582 35.9117 -2.365112 0.4425049 1.205444
3862	/body/1/gyro/5/ -0.9983863 -0.0120006 0.04164538 -0.03669462 175.8408 -4.820654 -3.732174 0.1220703 0.8544922 0.50354
3862	/body/1/gyro/6/ -0.7289132 -0.2455534 0.1844664 0.6118506 -100.5628 1.808789 -38.26217 -0.5645752 1.251221 1.77002
3864	/body/1/gyro/1/ -0.009926163 -0.08720068 -0.09289359 0.9918005 -0.203019 10.06792 8.153721 -4.943848 1.098633 -1.434326
3864	/body/1/gyro/2/ -0.0649543 0.1298436 0.7395171 -0.6572945 16.15322 4.279466 94.81516 -1.77002 0.04577637 1.51062
3864	/body/1/gyro/3/ -0.1999961 -0.4220085 -0.6541765 -0.5949483 54.48846 -13.91493 -105.1502 -0.03051758 0.06103516 0.5493164
3864	/body/1/gyro/4/ 0.8655633 -0.2082291 -0.3168066 0.3272222 129.9562 -24.34047 36.02003 -1.861572 -0.07629395 1.083374
3864	/body/1/gyro/5/ -0.998431 -0.01123777 0.03941253 -0.03815521 175.6675 -4.563214 -3.647023 0.1373291 0.9307861 0.4272461
3864	/body/1/gyro/6/ -0.7290298 -0.2459074 0.1841913 0.6116524 -100.6032 1.848552 -38.27464 -0.6866455 1.205444 1.63269
3867	/body/1/gyro/1/ 0.0103748 -0.07927863 -0.09243608 0.9925033 2.044991 8.942931 8.27164 -4.943848 1.037598 -1.464844
3867	/body/1/gyro/2/ -0.06473162 0.1298775 0.739717 -0.6570848 16.14056 4.29633 94.85059 -1.647949 0.1831055 1.235962
3867	/body/1/gyro/3/ -0.1999161 -0.4219891 -0.6542076 -0.5949547 54.48066 -13.91934 -105.1534 -0.3356934 0.3356934 0.2441406
3867	/body/1/gyro/4/ 0.8652928 -0.2077277 -0.3170141 0.3280544 129.8493 -24.35117 35.9984 -2.090454 0.289917 1.220703
3867	/body/1/gyro/5/ -0.9983223 -0.00992984 0.04052005 -0.04015095 175.4328 -4.686376 -3.482765 0.04577637 0.9002686 0.6713867
3867	/body/1/gyro/6/ -0.7287512 -0.2446652 0.1833907 0.6127222 -100.4848 1.864225 -38.09619 -0.9002686 1.220703 1.63269
3869	/body/1/gyro/1/ -0.01289423 -0.08763229 -0.09623853 0.9914094 -0.5063905 10.15087 8.513964 -4.867554 1.098633 -1.342773
3869	/body/1/gyro/2/ -0.0643437 0.1298446 0.7399403 -0.6568779 16.10959 4.322086 94.88815 -1.63269 0.1220703 1.342773
3869	/body/1/gyro/3/ -0.1998947 -0.4223647 -0.6540276 -0.5948933 54.52024 -13.94855 -105.1649 -0.04577637 0.1220703 0.5493164
3869	/body/1/gyro/4/ 0.8653029 -0.2074534 -0.3167267 0.3284786 129.822 -24.32054 35.95602 -2.365112 0.3814697 1.159668
3870	/body/1/gyro/5/ -0.9984381 -0.010305 0.0409876 -0.03654138 175.8498 -4.738046 -3.5409 0.1525879 0.9307861 0.6103516
3871	/body/1/gyro/6/ -0.7288013 -0.2441214 0.1826044 0.6131142 -100.4626 1.901654 -37.9852 -0.1068115 1.266479 1.861572
3872	/body/1/gyro/1/ 0.00652436 -0.08013209 -0.09371052 0.992348 1.622961 9.080096 8.388122 -4.989624 1.052856 -1.403809
3872	/body/1/gyro/2/ -0.06434293 0.1296406 0.7397757 -0.6571037 16.09043 4.311336 94.85368 -1.678467 -0.01525879 1.281738
3872	/body/1/gyro/3/ -0.1997467 -0.4222033 -0.6541271 -0.5949482 54.49181 -13.94904 -105.1642 -0.1831055 0.03051758 0.6256104
3872	/body/1/gyro/4/ 0.8652852 -0.2071831 -0.3165066 0.3289078 129.7893 -24.29587 35.91921 -1.831055 0.04577637 1.220703
3872	/body/1/gyro/5/ -0.9984105 -0.009407384 0.03914552 -0.039442 175.5111 -4.52584 -3.432217 0.2593994 0.9002686 0.5493164
3872	/body/1/gyro/6/ -0.7290434 -0.2433551 0.1821721 0.6132597 -100.46 1.882906 -37.88092 -1.00708 1.281738 1.617432
3874	/body/1/gyro/1/ -0.01061289 -0.08920326 -0.1028299 0.9906342 -0.1561556 10.30676 9.308314 -4.806519 1.037598 -1.495361
3875	/body/1/gyro/2/ -0.06424505 0.1296827 0.7396128 -0.6572883 16.08569 4.326785 94.82717 -1.663208 0.04577637 1.358032
3876	/body/1/gyro/3/ -0.1995491 -0.4222129 -0.6540971 -0.5950407 54.47777 -13.9703 -105.1616 0.04577637 -0.1068115 0.7476807
3876	/body/1/gyro/4/ 0.8652526 -0.2076049 -0.3167792 0.3284649 129.8172 -24.31835 35.97669 -2.365112 0.3356934 1.12915
3876	/body/1/gyro/5/ -0.9984419 -0.001563519 0.03845905 -0.04040218 175.3656 -4.411813 -2.530833 0.09155273 0.9765625 0.50354
3876	/body/1/gyro/6/ -0.7286653 -0.2432545 0.182266 0.6137208 -100.3901 1.888749 -37.87774 -0.50354 1.220703 1.77002
3877	/body/1/gyro/1/ 0.01067508 -0.07887994 -0.09861875 0.9919367 2.130855 8.880973 8.990918 -4.943848 1.12915 -1.480103
3877	/body/1/gyro/2/ -0.06433488 0.1297552 0.7394191 -0.6574831 16.09771 4.328966 94.79618 -1.571655 0.09155273 1.220703
3877	/body/1/gyro/3/ -0.199623 -0.4223753 -0.6540355 -0.5949683 54.50132 -13.97383 -105.1687 -0.09155273 0.04577637 0.5950928
3877	/body/1/gyro/4/ 0.865347 -0.2081872 -0.3165286 0.3280888 129.8694 -24.28064 36.01491 -1.693726 -0.04577637 1.052856
3877	/body/1/gyro/5/ -0.9984117 -0.00123922 0.04207036 -0.03745067 175.702 -4.824267 -2.491095 0.1068115 0.9155273 0.6256104
3877	/body/1/gyro/6/ -0.7291542 -0.2434138 0.1821409 0.6131139 -100.4822 1.883266 -37.88432 -0.7476807 1.174927 1.77002
3879	/body/1/gyro/1/ -0.009252977 -0.0868528 -0.1010871 0.991036 -0.04542201 10.02159 9.114237 -4.989624 1.068115 -1.403809
3879	/body/1/gyro/2/ -0.06389012 0.1299149 0.7400749 -0.6567566 16.08224 4.363164 94.91376 -1.754761 0.1525879 1.358032
3879	/body/1/gyro/3/ -0.1997171 -0.4219726 -0.6542917 -0.5949408 54.46506 -13.93087 -105.1657 -0.04577637 0.04577637 0.3967285
3880	/body/1/gyro/4/ 0.8654346 -0.208519 -0.3165677 0.3276089 129.9194 -24.28728 36.04402 -2.182007 0.289917 1.190186
3881	/body/1/gyro/5/ -0.9985451 -0.0005072766 0.04035844 -0.03575689 175.894 -4.625107 -2.422328 0.09155273 0.9613037 0.5950928
3881	/body/1/gyro/6/ -0.7292287 -0.2430482 0.1825424 0.6130508 -100.4738 1.820678 -37.88094 -0.6561279 1.205444 1.63269
3882	/body/1/gyro/1/ 0.01043926 -0.07748667 -0.1033496 0.9915673 2.128897 8.71437 9.532968 -4.882812 1.098633 -1.525879
3882	/body/1/gyro/2/ -0.06364577 0.1301689 0.7406813 -0.6560461 16.09011 4.388051 95.02575 -1.754761 0.1831055 1.327515
3882	/body/1/gyro/3/ -0.199061 -0.4224653 -0.6538098 -0.5953406 54.46673 -14.04745 -105.1463 -0.1525879 0.09155273 0.3509521
3882	/body/1/gyro/4/ 0.865152 -0.2084548 -0.3168366 0.3281359 129.8375 -24.29411 36.0691 -2.059937 0.1068115 1.281738
3883	/body/1/gyro/5/ -0.9982298 0.00628486 0.04053477 -0.04306614 175.0222 -4.610679 -1.60802 0.06103516 0.9155273 0.579834
3884	/body/1/gyro/6/ -0.7290518 -0.2433018 0.18284 0.613072 -100.4581 1.817921 -37.92703 -0.4272461 1.281738 1.785278
3885	/body/1/gyro/1/ -0.01213909 -0.08970603 -0.1063327 0.9902014 -0.2890897 10.38349 9.702167 -5.050659 1.022339 -1.419067
3886	/body/1/gyro/2/ -0.06359426 0.130256 0.7413324 -0.6552979 16.09813 4.383049 95.14022 -1.647949 0.1678467 1.373291
3886	/body/1/gyro/3/ -0.1991764 -0.4229415 -0.6533908 -0.595424 54.52492 -14.08605 -105.1308 -0.04577637 0.1831055 0.7629395
3886	/body/1/gyro/4/ 0.8650863 -0.2084731 -0.3168876 0.3282483 129.8198 -24.29334 36.07758 -2.304077 0.3814697 1.12915
3886	/body/1/gyro/5/ -0.9986132 0.004086324 0.04080754 -0.03300926 176.1882 -4.659391 -1.905959 0.1068115 0.9765625 0.5950928
3886	/body/1/gyro/6/ -0.7294114 -0.2434823 0.1830829 0.6124998 -100.5293 1.78678 -37.96337 -0.7171631 1.251221 1.739502
3887	/body/1/gyro/1/ 0.006100824 -0.08043601 -0.1040812 0.9912921 1.673673 9.102502 9.590912 -4.91333 1.022339 -1.373291
3887	/body/1/gyro/2/ -0.06348483 0.1300698 0.7419052 -0.654697 16.077 4.365186 95.23294 -1.739502 0.06103516 1.342773
3887	/body/1/gyro/3/ -0.1993404 -0.4229117 -0.6532714 -0.5955213 54.53201 -14.07897 -105.1085 -0.1831055 0.2746582 0.6561279
3887	/body/1/gyro/4/ 0.8653288 -0.2085265 -0.3164931 0.3279556 129.8817 -24.26555 36.04742 -1.708984 -0.06103516 1.251221
3887	/body/1/gyro/5/ -0.998306 0.006520075 0.03984311 -0.04189514 175.1566 -4.53137 -1.589859 0.1220703 0.9460449 0.5340576
3888	/body/1/gyro/6/ -0.7293224 -0.2434998 0.1833998 0.612504 -100.515 1.763497 -37.98903 -0.6408691 1.266479 1.739502
3890	/body/1/gyro/1/ -0.006815159 -0.09146099 -0.08895525 0.9918041 0.1604493 10.52329 7.735106 -4.898071 1.098633 -1.373291
3890	/body/1/gyro/2/ -0.06324717 0.130062 0.7424329 -0.6541231 16.06172 4.372448 95.32364 -1.571655 0.1983643 1.403809
3890	/body/1/gyro/3/ -0.1997769 -0.4222692 -0.653671 -0.5953924 54.49538 -13.98424 -105.1007 0.03051758 0.07629395 0.7476807
3890	/body/1/gyro/4/ 0.8653824 -0.2083882 -0.3162478 0.3281388 129.8785 -24.2419 36.01786 -2.365112 0.4730225 1.174927
3890	/body/1/gyro/5/ -0.9986243 -0.007762685 0.03963542 -0.0334402 176.1937 -4.570227 -3.268802 0.01525879 0.9460449 0.579834
3890	/body/1/gyro/6/ -0.7296462 -0.2433999 0.1830713 0.6122563 -100.5645 1.770247 -37.95533 -0.579834 1.251221 1.800537
3892	/body/1/gyro/1/ 0.009909431 -0.07452624 -0.09179591 0.9929356 1.932582 8.405628 8.175877 -4.882812 1.00708 -1.480103
3893	/body/1/gyro/2/ -0.06316891 0.1299861 0.7429738 -0.6535313 16.05254 4.360651 95.41446 -1.678467 0.06103516 1.464844
3893	/body/1/gyro/3/ -0.1998136 -0.4220195 -0.6537697 -0.5954488 54.47047 -13.96433 -105.0897 0.03051758 0.1068115 0.7781982
3893	/body/1/gyro/4/ 0.8654534 -0.2081646 -0.3160836 0.3282515 129.8801 -24.23314 35.98308 -1.861572 -0.09155273 1.235962
3893	/body/1/gyro/5/ -0.9982533 -0.009611429 0.04045816 -0.04196448 175.2227 -4.679485 -3.437975 0.1220703 0.8544922 0.6713867
3893	/body/1/gyro/6/ -0.729484 -0.2432212 0.1829575 0.6125546 -100.5268 1.778943 -37.9295 -0.6561279 1.403809 1.754761
3895	/body/1/gyro/1/ -0.006263861 -0.08951356 -0.09415222 0.9915056 0.2582346 10.29323 8.342208 -4.959106 1.022339 -1.419067
3895	/body/1/gyro/2/ -0.06327651 0.1300362 0.7425996 -0.6539361 16.06272 4.363996 95.3515 -1.63269 0.1831055 1.373291
3895	/body/1/gyro/3/ -0.2000605 -0.4220906 -0.6537421 -0.5953457 54.49678 -13.94579 -105.0916 0.03051758 0.1831055 0.6103516
3895	/body/1/gyro/4/ 0.8655282 -0.2079425 -0.315989 0.3282863 129.8865 -24.23407 35.95183 -1.922607 0.04577637 1.251221
3895	/body/1/gyro/5/ -0.9984747 -0.0120544 0.04047669 -0.03556312 175.9701 -4.685558 -3.748437 0.1068115 0.9918213 0.5950928
3895	/body/1/gyro/6/ -0.7294534 -0.2431826 0.1826577 0.6126958 -100.5195 1.805885 -37.90289 -0.5645752 1.220703 1.785278
3898	/body/1/gyro/1/ 0.008797406 -0.0747357 -0.09848729 0.992289 1.864251 8.429131 8.943776 -4.898071 1.12915 -1.525879
3899	/body/1/gyro/2/ -0.06345033 0.1301861 0.7422384 -0.6542995 16.08685 4.368496 95.29385 -1.678467 0.1678467 1.296997
3899	/body/1/gyro/3/ -0.1998654 -0.4221862 -0.6536153 -0.5954827 54.49157 -13.9774 -105.0831 -0.09155273 0.1525879 0.4882812
3899	/body/1/gyro/4/ 0.8653992 -0.2081482 -0.3163187 0.3281782 129.8735 -24.25916 35.99699 -2.212524 0.3967285 1.159668
3899	/body/1/gyro/5/ -0.9981722 -0.004963525 0.0394917 -0.04547579 174.7973 -4.547783 -2.893087 0.06103516 0.8850098 0.6103516
3899	/body/1/gyro/6/ -0.7296404 -0.2435786 0.1832252 0.6121461 -100.5736 1.76696 -37.98381 -0.8087158 1.281738 1.678467
3900	/body/1/gyro/1/ -0.00812372 -0.09230734 -0.1011182 0.9905496 0.1500564 10.63273 9.141424 -4.943848 1.12915 -1.419067
3900	/body/1/gyro/2/ -0.06368858 0.1303067 0.741856 -0.6546859 16.11314 4.365831 95.23164 -1.678467 -0.06103516 1.266479
3900	/body/1/gyro/3/ -0.1998104 -0.4219784 -0.6537151 -0.5955389 54.46469 -13.96748 -105.0771 -0.4119873 0.1831055 0.3051758
3900	/body/1/gyro/4/ 0.8654435 -0.2083145 -0.3163406 0.3279347 129.8987 -24.26281 36.01169 -1.754761 -0.1068115 1.251221
3900	/body/1/gyro/5/ -0.9986312 -0.00756696 0.03952929 -0.03340523 176.1967 -4.557292 -3.246891 0 0.9155273 0.5645752
3900	/body/1/gyro/6/ -0.7296501 -0.2439348 0.183506 0.6119086 -100.5955 1.76162 -38.03869 -0.5493164 1.235962 1.693726
3903	/body/1/gyro/1/ 0.005375225 -0.07679548 -0.09892032 0.9921131 1.499037 8.703208 8.971985 -4.943848 1.144409 -1.327515
3903	/body/1/gyro/2/ -0.06385725 0.1304887 0.7416618 -0.6548532 16.14082 4.369079 95.20377 -1.586914 0.09155273 1.190186
3903	/body/1/gyro/3/ -0.1997024 -0.422547 -0.6534263 -0.595489 54.51873 -14.02011 -105.0924 -0.4882812 0.1678467 0.2441406
3904	/body/1/gyro/4/ 0.8654419 -0.2084208 -0.3164419 0.3277736 129.9096 -24.27361 36.02744 -1.556396 -0.1831055 1.403809
3904	/body/1/gyro/5/ -0.9982692 -0.004788053 0.0393181 -0.04347201 175.0269 -4.526282 -2.88296 0.1068115 0.9765625 0.50354
3904	/body/1/gyro/6/ -0.729746 -0.2444303 0.1835507 0.6115829 -100.6402 1.781493 -38.0888 -0.7629395 1.220703 1.739502
3905	/body/1/gyro/1/ -0.008404733 -0.09169099 -0.1056383 0.9901326 0.1590307 10.56484 9.664519 -4.882812 1.068115 -1.449585
3905	/body/1/gyro/2/ -0.06360658 0.1304597 0.7415388 -0.6550227 16.11848 4.391706 95.18195 -1.739502 0.1983643 1.358032
3905	/body/1/gyro/3/ -0.1997256 -0.4210253 -0.6542071 -0.5957016 54.35448 -13.90348 -105.0542 -0.1831055 0.289917 0.6408691
3906	/body/1/gyro/4/ 0.8652465 -0.2073742 -0.3161837 0.3291995 129.7717 -24.24371 35.92355 -2.349854 0.3967285 1.174927
3906	/body/1/gyro/5/ -0.9984466 0.00887016 0.0390874 -0.03870215 175.5142 -4.437224 -1.338125 0.07629395 0.9613037 0.5493164
3906	/body/1/gyro/6/ -0.7296771 -0.2454701 0.1846297 0.6109235 -100.6877 1.747037 -38.26863 -0.6256104 1.266479 1.815796
3908	/body/1/gyro/1/ 0.008905712 -0.07551473 -0.1021328 0.9918604 1.917469 8.509941 9.370834 -4.943848 1.098633 -1.434326
3908	/body/1/gyro/2/ -0.06334096 0.1310095 0.7413479 -0.6551548 16.14596 4.459112 95.1665 -1.617432 -0.50354 1.617432
3908	/body/1/gyro/3/ -0.1999003 -0.421576 -0.6538999 -0.5955909 54.4272 -13.93046 -105.0632 -0.03051758 -0.1831055 1.327515
3908	/body/1/gyro/4/ 0.8654357 -0.2065502 -0.3156571 0.3297252 129.7585 -24.2144 35.80387 -2.578735 0.6103516 1.098633
3908	/body/1/gyro/5/ -0.9984572 0.01260121 0.03945704 -0.0369801 175.6948 -4.465589 -0.9159189 0.3204346 0.5493164 0.6256104
3908	/body/1/gyro/6/ -0.7293541 -0.2457153 0.1859758 0.6108024 -100.6462 1.655079 -38.39379 -0.3509521 1.296997 1.38855
3910	/body/1/gyro/1/ -0.0052297 -0.09039125 -0.1052692 0.9903133 0.5051816 10.37747 9.651258 -4.653931 0.9613037 -1.403809
3910	/body/1/gyro/2/ -0.06333496 0.1307458 0.7414495 -0.6550931 16.12274 4.438096 95.17575 -1.724243 -0.07629395 1.586914
3911	/body/1/gyro/3/ -0.1995691 -0.4221068 -0.6535302 -0.5957318 54.45902 -14.0091 -105.0632 0.1983643 0.03051758 1.00708
3912	/body/1/gyro/4/ 0.865984 -0.2063785 -0.3147855 0.3292259 129.8824 -24.16138 35.70824 -1.159668 -0.9765625 1.235962
3912	/body/1/gyro/5/ -0.9984625 0.003228102 0.042441 -0.03550982 175.9033 -4.848551 -1.986003 0.2746582 0.869751 0.6103516
3912	/body/1/gyro/6/ -0.7293071 -0.2464527 0.1866924 0.6103427 -100.6804 1.634816 -38.51768 -1.037598 1.235962 1.647949
3913	/body/1/gyro/1/ 0.009799355 -0.07479893 -0.09302098 0.9928022 1.933434 8.435619 8.318047 -4.837036 1.037598 -1.449585
3913	/body/1/gyro/2/ -0.06367018 0.1307552 0.7414848 -0.6550187 16.14919 4.40886 95.18181 -1.602173 0.04577637 1.38855
3913	/body/1/gyro/3/ -0.1988732 -0.4228726 -0.6528069 -0.5962142 54.48606 -14.15782 -105.0355 -0.04577637 -0.03051758 1.190186
3913	/body/1/gyro/4/ 0.8661036 -0.2062083 -0.3145762 0.3292178 129.9008 -24.15059 35.67341 -1.602173 -0.2288818 1.190186
3913	/body/1/gyro/5/ -0.9984784 0.003581872 0.03868446 -0.039136 175.4883 -4.41447 -1.94494 0.01525879 1.037598 0.5645752
3913	/body/1/gyro/6/ -0.7288476 -0.2458269 0.1850618 0.6116391 -100.5671 1.773646 -38.33321 -0.50354 1.159668 2.059937
3915	/body/1/gyro/1/ -0.008192072 -0.0903395 -0.09322704 0.9915041 0.03490733 10.40887 8.216166 -5.065918 1.083374 -1.51062
3915	/body/1/gyro/2/ -0.06388225 0.1305022 0.7415416 -0.6549842 16.14314 4.370809 95.18352 -1.693726 0.1220703 1.327515
3915	/body/1/gyro/3/ -0.1987609 -0.423003 -0.6525735 -0.5964146 54.48959 -14.19119 -105.0138 -0.3204346 0.1831055 0.9307861
3916	/body/1/gyro/4/ 0.8659894 -0.2060315 -0.3147976 0.3294174 129.8646 -24.1723 35.67453 -2.578735 0.6713867 1.159668
3917	/body/1/gyro/5/ -0.9983103 0.002504496 0.04341886 -0.038538 175.5578 -4.962168 -2.049943 -0.01525879 0.9307861 0.579834
3917	/body/1/gyro/6/ -0.7291095 -0.2451526 0.1842361 0.6118469 -100.5732 1.795663 -38.20742 -1.159668 1.312256 1.480103
3918	/body/1/gyro/1/ 0.008195779 -0.07769721 -0.09131566 0.9927524 1.766396 8.787567 8.116556 -4.898071 1.022339 -1.449585
3918	/body/1/gyro/2/ -0.06385239 0.1304458 0.7416591 -0.6548653 16.13663 4.366466 95.20197 -1.63269 0.3204346 1.38855
3918	/body/1/gyro/3/ -0.1986319 -0.4233981 -0.6522827 -0.5964953 54.52191 -14.23986 -105.0111 -0.1220703 -0.07629395 0.7476807
3918	/body/1/gyro/4/ 0.8660709 -0.2058864 -0.3149219 0.3291749 129.8888 -24.20133 35.66172 -2.120972 0.2288818 1.205444
3919	/body/1/gyro/5/ -0.9985685 -0.006251408 0.03808886 -0.03702759 175.7741 -4.389231 -3.085358 0.1220703 0.9155273 0.4577637
3919	/body/1/gyro/6/ -0.7293347 -0.2443052 0.1836442 0.6120954 -100.563 1.78792 -38.08323 -0.7324219 1.251221 1.602173
3921	/body/1/gyro/1/ -0.01194396 -0.09068216 -0.1007269 0.9907008 -0.3145141 10.49117 9.052018 -4.928589 1.037598 -1.449585
3921	/body/1/gyro/2/ -0.06393105 0.1304362 0.7417499 -0.6547567 16.14231 4.356744 95.21721 -1.602173 0.01525879 1.373291
3921	/body/1/gyro/3/ -0.1989108 -0.4230132 -0.6525114 -0.5964254 54.50109 -14.18233 -105.0046 -0.09155273 -0.09155273 0.579834
3921	/body/1/gyro/4/ 0.8661091 -0.2058386 -0.3148756 0.3291489 129.896 -24.20045 35.65229 -2.166748 0.2593994 1.296997
3921	/body/1/gyro/5/ -0.998081 -0.005149729 0.0449606 -0.04226457 175.1673 -5.174189 -2.902753 0.1831055 0.8392334 0.6256104
3921	/body/1/gyro/6/ -0.7289681 -0.2438236 0.1828432 0.6129632 -100.4737 1.85304 -37.97596 -0.4577637 1.281738 1.754761
3923	/body/1/gyro/1/ 0.006161453 -0.08036892 -0.09803474 0.9919133 1.623873 9.10417 8.888173 -4.959106 1.220703 -1.403809
3923	/body/1/gyro/2/ -0.0638221 0.1303651 0.7418131 -0.6547099 16.12815 4.359514 95.22596 -1.693726 -0.01525879 1.327515
3923	/body/1/gyro/3/ -0.1989152 -0.4229818 -0.6524751 -0.5964859 54.49725 -14.18366 -104.9957 0.09155273 -0.2593994 0.9460449
3923	/body/1/gyro/4/ 0.8661961 -0.2057888 -0.3148135 0.3290103 129.9183 -24.20277 35.63885 -2.01416 0.09155273 1.159668
3923	/body/1/gyro/5/ -0.9986568 -0.00640029 0.03752562 -0.03514843 175.9906 -4.324226 -3.112961 0.06103516 0.9918213 0.6713867
3923	/body/1/gyro/6/ -0.7291179 -0.2435672 0.182185 0.613083 -100.4848 1.890254 -37.90197 -0.7781982 1.220703 1.754761
3926	/body/1/gyro/1/ -0.01111732 -0.08800577 -0.1001802 0.9910072 -0.256236 10.17505 8.991947 -5.0354 1.068115 -1.541138
3926	/body/1/gyro/2/ -0.06378085 0.1300461 0.742157 -0.6543875 16.0989 4.331694 95.27522 -1.63269 -0.04577637 1.403809
3926	/body/1/gyro/3/ -0.1986943 -0.4231405 -0.6522617 -0.5966803 54.49623 -14.22662 -104.9806 0.06103516 -0.07629395 0.9918213
3926	/body/1/gyro/4/ 0.8660536 -0.2060177 -0.3152404 0.3288332 129.9068 -24.23872 35.6921 -1.785278 -0.03051758 1.205444
3926	/body/1/gyro/5/ -0.9982634 -0.01354135 0.04260131 -0.03836597 175.6571 -4.938921 -3.896941 0.07629395 0.9307861 0.5340576
3926	/body/1/gyro/6/ -0.7292363 -0.2439821 0.1828168 0.6125889 -100.5283 1.850294 -37.98946 -0.50354 1.220703 1.754761
3928	/body/1/gyro/1/ 0.009701905 -0.08083601 -0.08980451 0.9926261 1.960666 9.133613 7.965761 -4.959106 1.083374 -1.541138
3928	/body/1/gyro/2/ -0.06362879 0.1301481 0.7424368 -0.6540645 16.09825 4.345457 95.32664 -1.678467 0.1525879 1.358032
3928	/body/1/gyro/3/ -0.1993698 -0.4228942 -0.6526287 -0.5962282 54.52315 -14.12593 -105.0078 -0.2593994 0.1068115 0.3356934
3929	/body/1/gyro/4/ 0.8660934 -0.2063954 -0.3151779 0.3285515 129.9385 -24.22518 35.72346 -1.983643 0.1068115 1.159668
3929	/body/1/gyro/5/ -0.9983866 -0.01574028 0.03890839 -0.03824252 175.6774 -4.525061 -4.165606 0.04577637 0.8239746 0.4882812
3930	/body/1/gyro/6/ -0.7292743 -0.2441833 0.1834383 0.6122777 -100.5459 1.802958 -38.05592 -0.6256104 1.251221 1.556396
3931	/body/1/gyro/1/ -0.01204367 -0.08669277 -0.09032924 0.9920585 -0.4791183 10.0312 7.833088 -4.959106 1.068115 -1.434326
3932	/body/1/gyro/2/ -0.06353712 0.1303471 0.7426611 -0.6537791 16.11045 4.362323 95.37148 -1.63269 0.1678467 1.358032
3932	/body/1/gyro/3/ -0.1998623 -0.4229845 -0.6526098 -0.5960198 54.57019 -14.08435 -105.0117 0.1373291 0.06103516 1.205444
3932	/body/1/gyro/4/ 0.8659975 -0.2066874 -0.3153035 0.3285001 129.9307 -24.22434 35.76448 -2.182007 0.1831055 1.098633
3932	/body/1/gyro/5/ -0.998284 -0.01649081 0.04083506 -0.03859524 175.6429 -4.749696 -4.241997 0 0.9765625 0.5493164
3932	/body/1/gyro/6/ -0.7296091 -0.2445456 0.1837966 0.6116263 -100.6234 1.773111 -38.11807 -0.6561279 1.38855 1.647949
3933	/body/1/gyro/1/ 0.008322116 -0.08231086 -0.08810542 0.9926697 1.801753 9.320015 7.760987 -4.943848 1.083374 -1.434326
3933	/body/1/gyro/2/ -0.06360565 0.1300912 0.7423632 -0.6541616 16.09097 4.345141 95.31223 -1.617432 -0.06103516 1.419067
3933	/body/1/gyro/3/ -0.1998343 -0.4248613 -0.6522223 -0.5951177 54.78152 -14.18256 -105.1486 -0.8544922 -1.144409 -0.8392334
3934	/body/1/gyro/4/ 0.8661799 -0.20672 -0.3149461 0.3283414 129.9739 -24.19545 35.738 -0.9918213 -0.7781982 1.113892
3935	/body/1/gyro/5/ -0.9983438 -0.007364891 0.03982492 -0.04085708 175.3394 -4.595448 -3.188232 0.2441406 0.9307861 0.5950928
3935	/body/1/gyro/6/ -0.7292578 -0.2447484 0.1845539 0.6117362 -100.5749 1.734501 -38.19416 -0.213623 1.190186 1.876831
3936	/body/1/gyro/1/ -0.01252214 -0.08339731 -0.1032765 0.9910712 -0.4414152 9.665268 9.330969 -5.020142 1.083374 -1.464844
3936	/body/1/gyro/2/ -0.06450313 0.1294776 0.7419992 -0.6546083 16.10206 4.231796 95.22993 -1.693726 -0.9155273 1.037598
3936	/body/1/gyro/3/ -0.2043089 -0.4166227 -0.6559598 -0.5953152 54.21327 -13.17975 -104.8479 -0.793457 4.760742 0.2441406
3936	/body/1/gyro/4/ 0.8657402 -0.2066678 -0.3155498 0.3289537 129.8586 -24.22997 35.79113 -2.39563 0.5340576 1.174927
3936	/body/1/gyro/5/ -0.9983774 -0.004384703 0.04158301 -0.03865467 175.5788 -4.782303 -2.848553 -0.1220703 1.12915 0.6256104
3936	/body/1/gyro/6/ -0.7291101 -0.245375 0.1846197 0.6116413 -100.5859 1.773411 -38.25762 -1.144409 1.220703 1.571655
3938	/body/1/gyro/1/ 0.00872959 -0.08150788 -0.09968828 0.9916363 1.948517 9.201781 9.10803 -5.081177 1.052856 -1.541138
3938	/body/1/gyro/2/ -0.06444723 0.1293255 0.7417567 -0.6549187 16.08282 4.231531 95.18363 -1.693726 0.07629395 1.373291
3938	/body/1/gyro/3/ -0.2026078 -0.4175819 -0.6548783 -0.5964141 54.18139 -13.45824 -104.7878 -2.700806 1.571655 -0.3509521
3939	/body/1/gyro/4/ 0.8655816 -0.2066843 -0.3158052 0.3291158 129.821 -24.24657 35.81574 -3.250122 1.037598 1.022339
3939	/body/1/gyro/5/ -0.9984542 -0.002889463 0.03984259 -0.03864646 175.573 -4.576228 -2.684644 0.1220703 1.052856 0.50354
3939	/body/1/gyro/6/ -0.729295 -0.2456604 0.1849764 0.6111985 -100.6335 1.747213 -38.3121 -0.1983643 1.12915 1.922607
3941	/body/1/gyro/1/ -0.009949775 -0.08581197 -0.08881042 0.9922953 -0.2619821 9.908133 7.675982 -4.974365 1.083374 -1.464844
3941	/body/1/gyro/2/ -0.06440332 0.1293222 0.7422072 -0.654413 16.08201 4.224176 95.26099 -1.647949 -0.3051758 1.296997
3942	/body/1/gyro/3/ -0.2009966 -0.4192362 -0.6532139 -0.5976228 54.22866 -13.79817 -104.71 0 0.7629395 1.571655
3942	/body/1/gyro/4/ 0.865976 -0.2068381 -0.3153127 0.3284532 129.933 -24.21949 35.78106 -0.5187988 -1.190186 1.342773
3942	/body/1/gyro/5/ -0.9984733 -0.006444485 0.03991079 -0.03763787 175.7052 -4.599189 -3.097057 0.1983643 0.9002686 0.579834
3942	/body/1/gyro/6/ -0.7292813 -0.2444382 0.1834467 0.6121651 -100.5617 1.816844 -38.08047 -1.12915 1.205444 1.571655
3943	/body/1/gyro/1/ 0.0115399 -0.07951825 -0.08938394 0.9927508 2.154079 8.964395 7.928569 -4.882812 0.9918213 -1.480103
3944	/body/1/gyro/2/ -0.06412045 0.1294672 0.7427033 -0.6538491 16.07659 4.247161 95.35102 -1.693726 0.4730225 1.602173
3944	/body/1/gyro/3/ -0.2010658 -0.4202339 -0.6525155 -0.5976617 54.33966 -13.88172 -104.7054 1.296997 0.01525879 0.8392334
3944	/body/1/gyro/4/ 0.8656898 -0.2068767 -0.315845 0.3286719 129.8692 -24.25877 35.82999 -1.922607 0.04577637 1.266479
3944	/body/1/gyro/5/ -0.9983205 -0.005233022 0.04005887 -0.04152163 175.2532 -4.612579 -2.939381 0.07629395 0.9002686 0.5950928
3944	/body/1/gyro/6/ -0.7289881 -0.2435924 0.1824172 0.6131582 -100.4641 1.877427 -37.92177 -0.2746582 1.266479 1.800537
3946	/body/1/gyro/1/ -0.009430731 -0.08545706 -0.09269774 0.9919754 -0.1667171 9.862889 8.132915 -4.943848 1.068115 -1.358032
3946	/body/1/gyro/2/ -0.06388064 0.1297647 0.7430776 -0.6533881 16.08727 4.28036 95.42483 -1.63269 0.3814697 1.525879
3946	/body/1/gyro/3/ -0.2008499 -0.4209965 -0.6519595 -0.5978044 54.4041 -13.97244 -104.7002 0.8087158 0.03051758 0.9307861
3946	/body/1/gyro/4/ 0.8656953 -0.20698 -0.3159518 0.3284895 129.8824 -24.27109 35.8453 -2.243042 0.2441406 1.144409
3946	/body/1/gyro/5/ -0.9985373 -0.00649665 0.04129674 -0.0342882 176.0909 -4.756322 -3.11313 0.3814697 0.793457 0.5187988
3946	/body/1/gyro/6/ -0.7293345 -0.2427911 0.1818739 0.6132255 -100.4774 1.861159 -37.80602 -0.3356934 1.312256 1.89209
3948	/body/1/gyro/1/ 0.009826442 -0.08200153 -0.09035088 0.9924797 1.992952 9.264599 8.03472 -4.943848 1.068115 -1.419067
3949	/body/1/gyro/2/ -0.06329055 0.1299922 0.7436352 -0.6527656 16.0665 4.334473 95.52847 -1.77002 0.1525879 1.51062
3949	/body/1/gyro/3/ -0.2010078 -0.4220951 -0.651198 -0.5978065 54.53285 -14.05603 -104.6967 0.9460449 0.1068115 1.51062
3949	/body/1/gyro/4/ 0.8656821 -0.2072722 -0.3159655 0.3283269 129.896 -24.26423 35.87545 -1.556396 -0.289917 1.190186
3949	/body/1/gyro/5/ -0.9982666 0.008917284 0.03993823 -0.04229897 175.0992 -4.530147 -1.312446 0.04577637 0.9307861 0.6103516
3949	/body/1/gyro/6/ -0.7298281 -0.2434271 0.1822021 0.612288 -100.5974 1.841951 -37.89191 -0.9918213 1.144409 1.617432
3951	/body/1/gyro/1/ -0.01230764 -0.0874816 -0.1031832 0.9907314 -0.3686533 10.12996 9.328999 -4.943848 1.068115 -1.327515
3951	/body/1/gyro/2/ -0.06309561 0.1300166 0.7442552 -0.6520726 16.05795 4.338117 95.63634 -1.693726 0.213623 1.419067
3951	/body/1/gyro/3/ -0.2006708 -0.4218865 -0.6512448 -0.5980161 54.48398 -14.07657 -104.6839 0.3051758 0.04577637 0.5187988
3951	/body/1/gyro/4/ 0.8655972 -0.2074009 -0.3164023 0.3280487 129.898 -24.31033 35.9159 -2.120972 0.1831055 1.12915
3951	/body/1/gyro/5/ -0.9983304 0.01529655 0.04218509 -0.03637083 175.7466 -4.767732 -0.5971994 0.1373291 0.9460449 0.6866455
3951	/body/1/gyro/6/ -0.7296984 -0.2437333 0.1827732 0.6121505 -100.5925 1.81454 -37.96392 -0.4119873 1.251221 1.907349
3953	/body/1/gyro/1/ 0.007648418 -0.08101513 -0.09957198 0.9916973 1.817022 9.15825 9.082745 -4.928589 1.068115 -1.419067
3954	/body/1/gyro/2/ -0.06304661 0.1301122 0.7447137 -0.6515346 16.06571 4.338104 95.71849 -1.724243 0.1373291 1.312256
3955	/body/1/gyro/3/ -0.2007826 -0.4211977 -0.651711 -0.5979562 54.41893 -14.00527 -104.6833 -0.1831055 0.1983643 -0.1983643
3955	/body/1/gyro/4/ 0.8655605 -0.2076405 -0.3164443 0.3279533 129.9023 -24.30605 35.94381 -2.380371 0.4272461 1.281738
3955	/body/1/gyro/5/ -0.9982873 0.01820377 0.04094747 -0.03760996 175.5936 -4.610718 -0.2631748 0.01525879 0.9613037 0.5493164
3955	/body/1/gyro/6/ -0.7299712 -0.2439363 0.1832525 0.6116008 -100.6503 1.76758 -38.02022 -0.6866455 1.266479 1.602173
3956	/body/1/gyro/1/ -0.00562583 -0.08746774 -0.08094858 0.992857 0.1739574 10.05519 6.807444 -4.959106 1.068115 -1.419067
3956	/body/1/gyro/2/ -0.06326816 0.1299965 0.7443101 -0.6519974 16.06951 4.320326 95.645 -1.739502 0.1831055 1.281738
3957	/body/1/gyro/3/ -0.2006519 -0.4210091 -0.6518391 -0.5979933 54.38904 -14.00082 -104.684 -0.2441406 0.1373291 0.1220703
3958	/body/1/gyro/4/ 0.8654175 -0.2072968 -0.3163097 0.3286771 129.8289 -24.28103 35.91199 -2.075195 0.1373291 1.205444
3958	/body/1/gyro/5/ -0.9985145 0.003410645 0.04239983 -0.0340487 176.0704 -4.843906 -1.972318 0.1220703 0.9002686 0.6713867
3958	/body/1/gyro/6/ -0.7293144 -0.2432512 0.1827816 0.612797 -100.4998 1.806074 -37.91846 -0.4119873 1.327515 1.800537
3959	/body/1/gyro/1/ 0.01406519 -0.07760976 -0.08608663 0.9931606 2.394751 8.727559 7.56074 -4.943848 1.098633 -1.38855
3959	/body/1/gyro/2/ -0.06335658 0.129911 0.7439668 -0.6523975 16.06637 4.314828 95.58305 -1.647949 0.07629395 1.403809
3959	/body/1/gyro/3/ -0.200971 -0.4209443 -0.6519116 -0.5978526 54.40648 -13.96296 -104.6868 -0.01525879 0.1831055 0.5340576
3959	/body/1/gyro/4/ 0.8654423 -0.2070551 -0.3159507 0.3291095 129.8048 -24.24169 35.86818 -1.983643 -0.03051758 1.251221
3959	/body/1/gyro/5/ -0.9984611 0.003980415 0.03733148 -0.04081485 175.2949 -4.256588 -1.898224 0.1068115 0.9002686 0.6103516
3959	/body/1/gyro/6/ -0.7293459 -0.2430755 0.1822296 0.6129937 -100.4954 1.844704 -37.85987 -0.7476807 1.296997 1.724243
3961	/body/1/gyro/1/ -0.006971742 -0.08802929 -0.08777989 0.9922182 0.09425607 10.13176 7.589756 -4.867554 1.052856 -1.434326
3961	/body/1/gyro/2/ -0.06341221 0.1297376 0.7436948 -0.6527366 16.0534 4.304108 95.53076 -1.693726 0.1373291 1.403809
3962	/body/1/gyro/3/ -0.201144 -0.4208443 -0.6519173 -0.5978587 54.40795 -13.94276 -104.6765 0.06103516 0.289917 0.7324219
3962	/body/1/gyro/4/ 0.8654874 -0.2067642 -0.3158793 0.3292421 129.7989 -24.2443 35.83319 -2.075195 0.1678467 1.159668
3962	/body/1/gyro/5/ -0.9985212 0.002120523 0.04189854 -0.03457445 176.0166 -4.7913 -2.119929 0.2288818 0.8850098 0.6103516
3963	/body/1/gyro/6/ -0.729622 -0.2427596 0.1820384 0.6128471 -100.5244 1.828654 -37.81635 -0.5187988 1.327515 1.754761
3964	/body/1/gyro/1/ 0.007920936 -0.07896631 -0.09856878 0.9919606 1.81457 8.922678 8.961025 -5.0354 1.083374 -1.419067
3964	/body/1/gyro/2/ -0.06362102 0.1296515 0.7435539 -0.6528939 16.06061 4.283183 95.50362 -1.693726 0.1373291 1.342773
3964	/body/1/gyro/3/ -0.2011781 -0.4208607 -0.6518688 -0.5978885 54.41174 -13.94392 -104.6706 0 0.1983643 0.6561279
3964	/body/1/gyro/4/ 0.8655853 -0.2061934 -0.3155977 0.3296125 129.7832 -24.23158 35.75663 -2.120972 0.213623 1.235962
3965	/body/1/gyro/5/ -0.9984835 -0.001117101 0.03853336 -0.0393009 175.4902 -4.41831 -2.484143 0.06103516 0.9002686 0.6103516
3965	/body/1/gyro/6/ -0.729398 -0.2423819 0.1816138 0.613389 -100.4651 1.857352 -37.74796 -0.4272461 1.251221 1.678467
3966	/body/1/gyro/1/ -0.01076651 -0.09064772 -0.1033513 0.9904472 -0.1509226 10.47398 9.37046 -4.943848 1.113892 -1.327515
3967	/body/1/gyro/2/ -0.06358974 0.1296756 0.7434188 -0.6530461 16.05953 4.290915 95.4811 -1.617432 0.2288818 1.403809
3968	/body/1/gyro/3/ -0.2010201 -0.421639 -0.651269 -0.598047 54.48181 -14.03317 -104.6601 0.03051758 0.1831055 0.6866455
3968	/body/1/gyro/4/ 0.8657292 -0.2057621 -0.3151785 0.3299051 129.7838 -24.20198 35.6838 -1.861572 -0.03051758 1.12915
3968	/body/1/gyro/5/ -0.9983591 -0.002711824 0.04317007 -0.03752569 175.7003 -4.956649 -2.655073 0.1068115 0.9765625 0.6103516
3968	/body/1/gyro/6/ -0.7297397 -0.2419464 0.1814803 0.6131939 -100.4984 1.825375 -37.69781 -0.7629395 1.12915 1.586914
3969	/body/1/gyro/1/ 0.007087792 -0.07681409 -0.09969451 0.9920233 1.70303 8.684274 9.076795 -4.928589 1.083374 -1.464844
3969	/body/1/gyro/2/ -0.06346706 0.1296667 0.7432952 -0.6532004 16.0487 4.30393 95.45966 -1.708984 0.1831055 1.403809
3969	/body/1/gyro/3/ -0.2009287 -0.4214219 -0.6511923 -0.5983142 54.44869 -14.03998 -104.6263 0.1220703 0.3204346 0.6561279
3969	/body/1/gyro/4/ 0.8658811 -0.2053893 -0.3147599 0.3301383 129.7905 -24.17189 35.61624 -1.968384 0.03051758 1.12915
3969	/body/1/gyro/5/ -0.9985292 -0.002238633 0.03836075 -0.03824795 175.6162 -4.403498 -2.618281 -0.03051758 0.8544922 0.50354
3969	/body/1/gyro/6/ -0.7300022 -0.2416832 0.1812484 0.6130538 -100.5282 1.81693 -37.6561 -0.7171631 1.205444 1.831055
3972	/body/1/gyro/1/ -0.004888592 -0.09213013 -0.09689084 0.9910097 0.475844 10.57667 8.682147 -4.959106 1.113892 -1.434326
3973	/body/1/gyro/2/ -0.06360194 0.1296471 0.7434648 -0.652998 16.05821 4.286684 95.48815 -1.556396 0.1831055 1.342773
3973	/body/1/gyro/3/ -0.2006668 -0.4212236 -0.6511408 -0.5985976 54.40531 -14.06144 -104.5992 0.09155273 0.04577637 0.7019043
3973	/body/1/gyro/4/ 0.8658791 -0.2058352 -0.3151005 0.3295405 129.8326 -24.20583 35.67772 -2.258301 0.2746582 1.220703
3973	/body/1/gyro/5/ -0.9982564 0.002438552 0.04302079 -0.04034139 175.3511 -4.91598 -2.050404 0 0.9460449 0.579834
3973	/body/1/gyro/6/ -0.7301137 -0.2414681 0.1806309 0.6131881 -100.5353 1.854902 -37.58907 -0.3509521 1.296997 1.785278
3974	/body/1/gyro/1/ 0.008739999 -0.07286538 -0.09478069 0.9927894 1.804552 8.222824 8.506618 -5.0354 1.068115 -1.556396
3974	/body/1/gyro/2/ -0.0636685 0.1295294 0.743648 -0.6528063 16.05392 4.267976 95.51603 -1.571655 0.213623 1.342773
3975	/body/1/gyro/3/ -0.2006048 -0.4211457 -0.6512517 -0.5985526 54.39317 -14.05584 -104.6084 -0.1373291 0.04577637 0.7019043
3975	/body/1/gyro/4/ 0.8659062 -0.2062021 -0.3154593 0.328896 129.8807 -24.24745 35.73059 -1.861572 -0.01525879 1.174927
3975	/body/1/gyro/5/ -0.9985582 0.002870092 0.03967937 -0.03603965 175.8465 -4.53324 -2.036165 0.06103516 0.9155273 0.5340576
3975	/body/1/gyro/6/ -0.7302422 -0.2409281 0.1805081 0.6132836 -100.5267 1.827206 -37.52946 -0.793457 1.220703 1.647949
3976	/body/1/gyro/1/ -0.004493812 -0.09077413 -0.09695447 0.9911305 0.5064842 10.41691 8.690207 -4.882812 1.113892 -1.403809
3976	/body/1/gyro/2/ -0.06352983 0.1296393 0.7437702 -0.6526587 16.05401 4.284979 95.54063 -1.602173 0.2441406 1.342773
3977	/body/1/gyro/3/ -0.2010482 -0.4208354 -0.6515745 -0.5982707 54.39498 -13.97811 -104.6235 -0.1831055 0.1068115 0.4272461
3978	/body/1/gyro/4/ 0.8659583 -0.2066544 -0.3154788 0.3284558 129.925 -24.24438 35.77272 -1.983643 0.1068115 1.159668
3978	/body/1/gyro/5/ -0.9984124 0.003975386 0.04052941 -0.03891422 175.5102 -4.624246 -1.892358 0.1525879 0.869751 0.5340576
3978	/body/1/gyro/6/ -0.730543 -0.2406993 0.1802216 0.6130995 -100.565 1.823805 -37.48691 -0.4272461 1.312256 1.846313
3979	/body/1/gyro/1/ 0.00895578 -0.07711548 -0.08611701 0.9932557 1.801461 8.722459 7.517906 -4.989624 1.113892 -1.480103
3979	/body/1/gyro/2/ -0.06363956 0.1295451 0.74341 -0.6530771 16.05163 4.277397 95.47552 -1.647949 0.07629395 1.342773
3979	/body/1/gyro/3/ -0.2012822 -0.4206841 -0.6517731 -0.5980822 54.39776 -13.93534 -104.6371 -0.1525879 0.09155273 0.4119873
3979	/body/1/gyro/4/ 0.8659197 -0.2060847 -0.315372 0.3290176 129.8739 -24.24019 35.71373 -1.998901 0.1068115 1.235962
3980	/body/1/gyro/5/ -0.9983832 0.001888673 0.04235876 -0.03785834 175.6398 -4.843682 -2.128725 0 0.8392334 0.4882812
3980	/body/1/gyro/6/ -0.730773 -0.2411114 0.1807234 0.6125156 -100.6272 1.789836 -37.56433 -0.6256104 1.266479 1.586914
3982	/body/1/gyro/1/ -0.009631979 -0.09219458 -0.08617269 0.9919585 -0.1877025 10.63586 7.382313 -4.79126 1.00708 -1.403809
3982	/body/1/gyro/2/ -0.06373306 0.1295622 0.743048 -0.6534765 16.05793 4.279291 95.41362 -1.678467 0.04577637 1.266479
3982	/body/1/gyro/3/ -0.2013738 -0.4205778 -0.6519697 -0.5979117 54.39506 -13.90764 -104.6558 -0.06103516 0.1068115 0.50354
3982	/body/1/gyro/4/ 0.8660244 -0.205653 -0.3150523 0.3293186 129.8667 -24.21961 35.64844 -2.01416 0.1525879 1.312256
3982	/body/1/gyro/5/ -0.998438 0.002171049 0.03907788 -0.03987241 175.4095 -4.465601 -2.101752 0.1373291 0.9155273 0.5950928
3982	/body/1/gyro/6/ -0.7308066 -0.2416118 0.1808111 0.6122522 -100.6612 1.809633 -37.61798 -0.7781982 1.251221 1.693726
3984	/body/1/gyro/1/ 0.007849238 -0.07953802 -0.08446729 0.9932157 1.68426 9.013711 7.324728 -5.050659 1.083374 -1.403809
3984	/body/1/gyro/2/ -0.06382902 0.1296519 0.7427402 -0.6537992 16.07121 4.284898 95.36331 -1.602173 0.06103516 1.342773
3984	/body/1/gyro/3/ -0.201326 -0.4199556 -0.6523315 -0.5979705 54.32444 -13.86173 -104.6472 -0.1373291 0.2441406 0.7171631
3984	/body/1/gyro/4/ 0.8662389 -0.2047932 -0.3144507 0.3298647 129.8565 -24.18416 35.51983 -1.983643 0.07629395 1.190186
3985	/body/1/gyro/5/ -0.9985044 0.001608897 0.04026156 -0.0369507 175.7471 -4.604878 -2.174282 0.03051758 1.022339 0.5340576
3985	/body/1/gyro/6/ -0.7307981 -0.2417767 0.181255 0.6120661 -100.6689 1.779039 -37.66727 -0.5950928 1.266479 1.77002
3987	/body/1/gyro/1/ -0.01175358 -0.09042607 -0.08428316 0.9922607 -0.4709111 10.45328 7.137084 -4.959106 1.00708 -1.419067
3987	/body/1/gyro/2/ -0.06363963 0.1296873 0.7434201 -0.6530373 16.06435 4.287394 95.48166 -1.647949 0.1678467 1.342773
3987	/body/1/gyro/3/ -0.2013167 -0.4201212 -0.6523108 -0.5978799 54.34262 -13.87013 -104.6611 -0.03051758 0.1525879 0.6408691
3987	/body/1/gyro/4/ 0.8662945 -0.2041064 -0.3139506 0.3306197 129.8102 -24.14104 35.4232 -2.105713 0.213623 1.068115
3987	/body/1/gyro/5/ -0.998306 0.005490647 0.04076222 -0.04115194 175.2457 -4.642279 -1.706935 0.03051758 0.8392334 0.5950928
3987	/body/1/gyro/6/ -0.731087 -0.242656 0.1819811 0.6111569 -100.7677 1.748581 -37.80576 -0.7019043 1.220703 1.693726
3989	/body/1/gyro/1/ 0.008899939 -0.08088383 -0.08235399 0.9932756 1.799554 9.161276 7.093467 -4.928589 1.083374 -1.449585
3989	/body/1/gyro/2/ -0.06340605 0.1298996 0.7439766 -0.6523838 16.06915 4.309469 95.58435 -1.571655 0.1983643 1.296997
3989	/body/1/gyro/3/ -0.2013137 -0.4205019 -0.6519821 -0.5979717 54.38192 -13.9096 -104.6501 -0.1068115 0.1983643 0.5950928
3989	/body/1/gyro/4/ 0.8663792 -0.2033923 -0.3135243 0.3312418 129.7757 -24.11176 35.3259 -1.983643 0.04577637 1.083374
3990	/body/1/gyro/5/ -0.998727 0.002926778 0.03945151 -0.03129531 176.3916 -4.509212 -2.052078 0.06103516 0.9155273 0.579834
3991	/body/1/gyro/6/ -0.7307564 -0.2430309 0.1829655 0.6111094 -100.7322 1.697952 -37.91522 -0.4272461 1.235962 1.708984
3992	/body/1/gyro/1/ -0.01261791 -0.08700758 -0.08512739 0.9924837 -0.595474 10.07025 7.222294 -4.882812 1.083374 -1.434326
3992	/body/1/gyro/2/ -0.06329228 0.1298806 0.7445194 -0.6517792 16.06234 4.304804 95.67751 -1.556396 0.213623 1.327515
3992	/body/1/gyro/3/ -0.2013058 -0.4206732 -0.6517673 -0.5980882 54.3982 -13.93319 -104.6349 -0.1068115 0.2441406 0.6408691
3992	/body/1/gyro/4/ 0.8665039 -0.2033418 -0.3136192 0.3308567 129.8178 -24.13893 35.31821 -1.922607 -0.03051758 1.083374
3992	/body/1/gyro/5/ -0.9979703 0.006094178 0.04243493 -0.0470901 174.5578 -4.825633 -1.600757 0.1220703 0.8850098 0.50354
3992	/body/1/gyro/6/ -0.730639 -0.2435875 0.1836059 0.610836 -100.7437 1.678139 -38.01601 -0.6866455 1.281738 1.693726
3994	/body/1/gyro/1/ 0.008757957 -0.0819481 -0.08658931 0.9928293 1.833807 9.276803 7.587638 -4.943848 1.022339 -1.449585
3994	/body/1/gyro/2/ -0.06324392 0.1298331 0.7448934 -0.6513657 16.05684 4.296495 95.74069 -1.678467 0.09155273 1.296997
3995	/body/1/gyro/3/ -0.2009548 -0.4208284 -0.6515109 -0.5983763 54.38626 -13.99156 -104.6135 -0.09155273 0.1983643 0.6561279
3996	/body/1/gyro/4/ 0.8665292 -0.2032588 -0.3137871 0.3306821 129.8296 -24.1661 35.31718 -2.044678 0.04577637 1.235962
3996	/body/1/gyro/5/ -0.9986769 -0.006326708 0.03893552 -0.03299094 176.2385 -4.484273 -3.108614 0.1678467 0.9002686 0.50354
3996	/body/1/gyro/6/ -0.7301365 -0.2433665 0.1835451 0.6115428 -100.6456 1.698043 -37.98951 -0.6561279 1.296997 1.693726
3997	/body/1/gyro/1/ -0.01219189 -0.08699541 -0.09242656 0.9918369 -0.4715555 10.06843 8.076183 -4.91333 1.113892 -1.449585
3997	/body/1/gyro/2/ -0.06306625 0.1298898 0.745205 -0.6510151 16.05051 4.308455 95.79646 -1.815796 0.07629395 1.312256
3997	/body/1/gyro/3/ -0.2010612 -0.4204153 -0.651778 -0.59834 54.35011 -13.94604 -104.6111 -0.1220703 0.1983643 0.4577637
3997	/body/1/gyro/4/ 0.8665669 -0.2031859 -0.3139791 0.3304458 129.8472 -24.19755 35.31763 -2.120972 0.2288818 1.190186
3997	/body/1/gyro/5/ -0.9980912 -0.008991312 0.04093571 -0.04535802 174.8298 -4.734052 -3.348412 0.1525879 0.9002686 0.6713867
3997	/body/1/gyro/6/ -0.7298672 -0.243284 0.1834444 0.6119273 -100.5952 1.717076 -37.97348 -0.4272461 1.220703 1.77002
3999	/body/1/gyro/1/ 0.009322497 -0.0806683 -0.08859465 0.9927521 1.903915 9.120735 7.821175 -5.004883 1.159668 -1.480103
4000	/body/1/gyro/2/ -0.06299 0.130141 0.7454754 -0.6506628 16.0689 4.32655 95.85104 -1.663208 0.1678467 1.296997
4001	/body/1/gyro/3/ -0.2013299 -0.4205587 -0.6517464 -0.5981833 54.38646 -13.92846 -104.6198 -0.1983643 0.2593994 0.5645752
4001	/body/1/gyro/4/ 0.8664093 -0.2035655 -0.31454 0.3300918 129.8459 -24.24568 35.39352 -1.937866 0.06103516 1.159668
4001	/body/1/gyro/5/ -0.9986748 -0.01202539 0.03900421 -0.03134956 176.4529 -4.511491 -3.770002 0.1220703 0.9307861 0.579834
4001	/body/1/gyro/6/ -0.729768 -0.2433517 0.1832357 0.6120811 -100.5823 1.745661 -37.96366 -0.6408691 1.235962 1.724243
4002	/body/1/gyro/1/ -0.01308397 -0.08770597 -0.09079725 0.9919135 -0.5838042 10.15836 7.878381 -4.959106 1.083374 -1.464844
4002	/body/1/gyro/2/ -0.06320585 0.1300042 0.7449338 -0.6512892 16.06948 4.311125 95.753 -1.693726 0.2288818 1.373291
4002	/body/1/gyro/3/ -0.2016083 -0.4206457 -0.6517664 -0.5980065 54.41772 -13.90394 -104.6305 -0.1678467 0.1525879 0.5493164
4002	/body/1/gyro/4/ 0.8664529 -0.2039319 -0.3147053 0.3295932 129.8892 -24.26299 35.4353 -2.044678 0.01525879 1.190186
4002	/body/1/gyro/5/ -0.9981351 0.0001461266 0.04156868 -0.04470352 174.8616 -4.759259 -2.29955 0.07629395 0.9307861 0.579834
4003	/body/1/gyro/6/ -0.7297249 -0.2433297 0.1827833 0.6122766 -100.574 1.788323 -37.92692 -0.6561279 1.296997 1.739502
4005	/body/1/gyro/1/ 0.008358412 -0.08079234 -0.08853649 0.9927558 1.793634 9.145032 7.806062 -4.989624 1.098633 -1.358032
4005	/body/1/gyro/2/ -0.06326695 0.129991 0.7444648 -0.651822 16.06991 4.316272 95.67153 -1.63269 0.2441406 1.419067
4005	/body/1/gyro/3/ -0.2018479 -0.4204049 -0.6519591 -0.597885 54.4105 -13.85789 -104.6339 -0.1678467 0.2288818 0.5187988
4005	/body/1/gyro/4/ 0.8664349 -0.2042864 -0.314901 0.3292339 129.9135 -24.27813 35.48127 -2.029419 0.09155273 1.266479
4005	/body/1/gyro/5/ -0.9986856 -0.0006385823 0.03908778 -0.03314872 176.1949 -4.480232 -2.454371 0.09155273 0.869751 0.5950928
4005	/body/1/gyro/6/ -0.7298173 -0.2431945 0.182577 0.6122817 -100.5821 1.794309 -37.89871 -0.4882812 1.251221 1.77002
4007	/body/1/gyro/1/ -0.01299077 -0.08636163 -0.09117597 0.9919979 -0.5832924 10.0036 7.921718 -4.959106 1.098633 -1.525879
4007	/body/1/gyro/2/ -0.06322032 0.1297387 0.7440433 -0.6523578 16.04124 4.312413 95.59105 -1.63269 0.1525879 1.358032
4007	/body/1/gyro/3/ -0.2018255 -0.4203023 -0.6520449 -0.5978711 54.39813 -13.84963 -104.6366 -0.1678467 0.1220703 0.5493164
4007	/body/1/gyro/4/ 0.8663753 -0.204527 -0.3150724 0.3290773 129.9166 -24.28852 35.5174 -2.01416 0.06103516 1.266479
4008	/body/1/gyro/5/ -0.9983 0.002491126 0.04090745 -0.04144194 175.2261 -4.673028 -2.049154 0.1373291 0.869751 0.6103516
4009	/body/1/gyro/6/ -0.7296321 -0.2429359 0.1825015 0.6126274 -100.5359 1.795978 -37.86827 -0.6408691 1.251221 1.693726
4010	/body/1/gyro/1/ 0.009506658 -0.08037914 -0.08750001 0.9928709 1.911909 9.087843 7.694695 -4.867554 1.052856 -1.434326
4010	/body/1/gyro/2/ -0.06346659 0.1297555 0.7437548 -0.6526594 16.05948 4.299219 95.5416 -1.647949 0.1678467 1.419067
4010	/body/1/gyro/3/ -0.2018649 -0.420072 -0.6521859 -0.5978658 54.37638 -13.82673 -104.6342 -0.1983643 0.1525879 0.6408691
4010	/body/1/gyro/4/ 0.8662924 -0.2048896 -0.3151786 0.3289684 129.9159 -24.28459 35.56357 -2.044678 0.2441406 1.037598
4010	/body/1/gyro/5/ -0.9985803 -0.01275984 0.04011097 -0.03264542 176.3084 -4.642665 -3.844471 0.04577637 0.9002686 0.4882812
4010	/body/1/gyro/6/ -0.7293414 -0.2428186 0.1826999 0.6129608 -100.4798 1.786509 -37.87175 -0.6561279 1.312256 1.800537
4012	/body/1/gyro/1/ -0.01139504 -0.09164505 -0.09008964 0.9916427 -0.3548113 10.59184 7.819128 -4.974365 1.083374 -1.38855
4013	/body/1/gyro/2/ -0.06367218 0.129725 0.7434925 -0.6529441 16.07062 4.285527 95.49527 -1.647949 0.1373291 1.312256
4014	/body/1/gyro/3/ -0.2015911 -0.4201356 -0.6520913 -0.5980168 54.36187 -13.86203 -104.6276 -0.3051758 0.06103516 0.5950928
4014	/body/1/gyro/4/ 0.8663642 -0.2050782 -0.3152092 0.3286321 129.9517 -24.29164 35.57919 -2.029419 0.09155273 1.312256
4014	/body/1/gyro/5/ -0.9981487 -0.01600942 0.03998363 -0.04294363 175.1396 -4.657214 -4.170028 0.1831055 0.8239746 0.5950928
4014	/body/1/gyro/6/ -0.7295896 -0.2428937 0.1827061 0.6126338 -100.5262 1.776962 -37.87985 -0.3967285 1.266479 1.724243
4015	/body/1/gyro/1/ 0.006879835 -0.08008185 -0.08771174 0.9928979 1.608037 9.080344 7.694407 -4.928589 1.068115 -1.449585
4015	/body/1/gyro/2/ -0.06348664 0.1297591 0.7438416 -0.6525577 16.06186 4.295625 95.55667 -1.647949 0.1831055 1.327515
4015	/body/1/gyro/3/ -0.2015696 -0.4202902 -0.6519442 -0.5980757 54.37612 -13.88102 -104.6211 -0.1068115 0.2288818 0.6408691
4016	/body/1/gyro/4/ 0.8661373 -0.2047956 -0.3150953 0.3295146 129.856 -24.2592 35.55963 -2.01416 0.1525879 1.205444
4017	/body/1/gyro/5/ -0.9984979 -0.0134864 0.0398792 -0.03506641 176.0333 -4.622159 -3.917507 0.1373291 0.9765625 0.5950928
4017	/body/1/gyro/6/ -0.7297327 -0.242798 0.1828276 0.612465 -100.545 1.752378 -37.88051 -0.9002686 1.190186 1.693726
4018	/body/1/gyro/1/ -0.01248734 -0.08954951 -0.08829017 0.9919828 -0.5219918 10.36208 7.594941 -4.882812 0.9918213 -1.449585
4018	/body/1/gyro/2/ -0.06345972 0.1297455 0.7442085 -0.6521447 16.06094 4.288072 95.61953 -1.602173 0.09155273 1.358032
4018	/body/1/gyro/3/ -0.2014557 -0.4203716 -0.6519368 -0.598065 54.37688 -13.89518 -104.629 -0.07629395 -0.01525879 0.5187988
4018	/body/1/gyro/4/ 0.8662843 -0.2045682 -0.3145662 0.3297748 129.8641 -24.21015 35.50094 -2.075195 0.1220703 1.159668
4018	/body/1/gyro/5/ -0.9981455 -0.01118164 0.04007713 -0.0444339 174.9459 -4.646008 -3.60849 0.1983643 0.9918213 0.5187988
4018	/body/1/gyro/6/ -0.72951 -0.2428013 0.1828223 0.6127305 -100.5073 1.765109 -37.87989 -0.3814697 1.220703 1.831055
4020	/body/1/gyro/1/ 0.007329502 -0.08071673 -0.0858755 0.9930038 1.649546 9.15148 7.48737 -4.989624 1.083374 -1.419067
4020	/body/1/gyro/2/ -0.06329457 0.1297473 0.7444971 -0.6518309 16.05049 4.295555 95.66955 -1.77002 0.1373291 1.358032
4020	/body/1/gyro/3/ -0.2015994 -0.4202543 -0.6520063 -0.5980233 54.37505 -13.87211 -104.6268 -0.01525879 0.1220703 0.6866455
4021	/body/1/gyro/4/ 0.8662534 -0.2042009 -0.3146257 0.3300268 129.836 -24.22416 35.46988 -2.120972 0.07629395 1.098633
4022	/body/1/gyro/5/ -0.9984958 -0.01381559 0.04131553 -0.03329309 176.2402 -4.785559 -3.958272 0.2441406 0.8239746 0.4425049
4022	/body/1/gyro/6/ -0.7296996 -0.2427673 0.1829168 0.61249 -100.5375 1.744151 -37.88437 -0.7171631 1.251221 1.708984
4023	/body/1/gyro/1/ -0.008235852 -0.09049056 -0.08921561 0.991859 -0.01114275 10.42669 7.748588 -4.928589 0.9765625 -1.464844
4023	/body/1/gyro/2/ -0.06295929 0.1296939 0.7449533 -0.6513526 16.02339 4.309812 95.74699 -1.693726 0.1831055 1.419067
4023	/body/1/gyro/3/ -0.2014737 -0.4202289 -0.6519299 -0.5981667 54.36162 -13.88892 -104.6131 0.09155273 0.1831055 0.9002686
4023	/body/1/gyro/4/ 0.8662291 -0.2044767 -0.3149003 0.3296577 129.8577 -24.25114 35.51262 -1.983643 0.07629395 1.205444
4023	/body/1/gyro/5/ -0.9982823 -0.003751068 0.03859791 -0.04391612 174.9713 -4.438713 -2.765569 0.1068115 0.9460449 0.5340576
4023	/body/1/gyro/6/ -0.7296135 -0.2429541 0.1831611 0.6124455 -100.5334 1.737393 -37.92034 -0.8239746 1.266479 1.708984
4026	/body/1/gyro/1/ 0.01303563 -0.07772306 -0.08446199 0.9933053 2.262973 8.754641 7.363729 -4.821777 0.9765625 -1.541138
4026	/body/1/gyro/2/ -0.06300248 0.1295999 0.7453895 -0.6508679 16.02103 4.288702 95.81944 -1.708984 0.03051758 1.266479
4026	/body/1/gyro/3/ -0.2015812 -0.419966 -0.6521016 -0.5981279 54.34164 -13.85609 -104.6117 -0.03051758 0.04577637 0.6408691
4026	/body/1/gyro/4/ 0.8663884 -0.2048196 -0.3147931 0.3291282 129.9236 -24.24519 35.53089 -1.953125 0.01525879 1.220703
4026	/body/1/gyro/5/ -0.9986687 -0.005617063 0.04013464 -0.03191438 176.3593 -4.61851 -3.027656 0.06103516 0.9307861 0.5950928
4026	/body/1/gyro/6/ -0.7295576 -0.2430805 0.1834584 0.6123728 -100.531 1.720559 -37.95478 -0.1678467 1.327515 1.815796
