3665	/frame 29634 /track 1 0.4301083 3.018933 0.06315835 0.1637304 0.20365 0.9790438 0.03620128
3665	/frame 29634 /track 1 0.4301083 3.018933 0.06315835 0.1637304 0.20365 0.9790438 0.03620128
3666	/frame 29635 /track 1 0.4302915 3.019098 0.06318524 0.1636849 0.3226042 0.946534 0.03402843
3666	/frame 29635 /track 1 0.4302915 3.019098 0.06318524 0.1636849 0.3226042 0.946534 0.03402843
3667	/frame 29636 /track 1 0.4304673 3.019222 0.06321105 0.1636504 0.43513 0.9003676 0.03170314
3667	/frame 29636 /track 1 0.4304673 3.019222 0.06321105 0.1636504 0.43513 0.9003676 0.03170314
3668	/frame 29637 /track 1 0.4311928 3.017856 0.06331759 0.1640289 0.6320184 0.7749534 0.04043479
3669	/frame 29637 /track 1 0.4311928 3.017856 0.06331759 0.1640289 0.6320184 0.7749534 0.04043479
3670	/frame 29638 /track 1 0.4318339 3.016646 0.06341173 0.1643639 0.8049683 0.5933177 0.04323472
3670	/frame 29638 /track 1 0.4318339 3.016646 0.06341173 0.1643639 0.8049683 0.5933177 0.04323472
3671	/frame 29639 /track 1 0.4323916 3.015593 0.06349362 0.1646558 0.9278101 0.3730528 0.04742613
3671	/frame 29639 /track 1 0.4323916 3.015593 0.06349362 0.1646558 0.9278101 0.3730528 0.04742613
3672	/frame 29640 /track 1 0.4324208 3.015474 0.06349792 0.1646888 0.991614 0.1292349 0.04336542
3672	/frame 29640 /track 1 0.4324208 3.015474 0.06349792 0.1646888 0.991614 0.1292349 0.04336542
3673	/frame 29641 /track 1 0.4324318 3.015396 0.06349953 0.1647104 0.9932493 -0.1159992 0.03942251
3673	/frame 29641 /track 1 0.4324318 3.015396 0.06349953 0.1647104 0.9932493 -0.1159992 0.03942251
3674	/frame 29642 /track 1 0.4331007 3.01468 0.06359775 0.1649087 0.9684424 -0.2492375 0.04201243
3674	/frame 29642 /track 1 0.4331007 3.01468 0.06359775 0.1649087 0.9684424 -0.2492375 0.04201243
3675	/frame 29643 /track 1 0.4336725 3.014077 0.06368173 0.1650755 0.9353734 -0.3536616 0.04269652
3675	/frame 29643 /track 1 0.4336725 3.014077 0.06368173 0.1650755 0.9353734 -0.3536616 0.04269652
3676	/frame 29644 /track 1 0.4341532 3.01358 0.06375231 0.1652133 0.9009994 -0.4338203 0.04374739
3676	/frame 29644 /track 1 0.4341532 3.01358 0.06375231 0.1652133 0.9009994 -0.4338203 0.04374739
3676	/frame 29645 /track 1 0.4345497 3.013178 0.06381053 0.1653247 0.8692467 -0.4943785 0.04290161
3677	/frame 29645 /track 1 0.4345497 3.013178 0.06381053 0.1653247 0.8692467 -0.4943785 0.04290161
3678	/frame 29646 /track 1 0.4337492 3.014318 0.06369298 0.1650088 0.9290836 -0.3698699 0.04680619
3678	/frame 29646 /track 1 0.4337492 3.014318 0.06369298 0.1650088 0.9290836 -0.3698699 0.04680619
3679	/frame 29647 /track 1 0.4330237 3.015347 0.06358644 0.1647239 0.978747 -0.2050716 0.04953077
3679	/frame 29647 /track 1 0.4330237 3.015347 0.06358644 0.1647239 0.978747 -0.2050716 0.04953077
3680	/frame 29648 /track 1 0.4324886 3.015813 0.06350787 0.1645949 0.9987218 -0.05054409 0.04875007
3680	/frame 29648 /track 1 0.4324886 3.015813 0.06350787 0.1645949 0.9987218 -0.05054409 0.04875007
3681	/frame 29649 /track 1 0.4320181 3.016221 0.06343878 0.1644817 0.9901502 0.1400093 0.04776911
3681	/frame 29649 /track 1 0.4320181 3.016221 0.06343878 0.1644817 0.9901502 0.1400093 0.04776911
3682	/frame 29650 /track 1 0.4316107 3.016798 0.06337896 0.164322 0.9256284 0.3784336 0.04714445
3682	/frame 29650 /track 1 0.4316107 3.016798 0.06337896 0.164322 0.9256284 0.3784336 0.04714445
3683	/frame 29651 /track 1 0.4312637 3.017292 0.06332801 0.164185 0.8007333 0.599021 0.04545137
3683	/frame 29651 /track 1 0.4312637 3.017292 0.06332801 0.164185 0.8007333 0.599021 0.04545137
3684	/frame 29652 /track 1 0.4309733 3.01771 0.06328536 0.1640694 0.6320804 0.7749029 0.04481846
3684	/frame 29652 /track 1 0.4309733 3.01771 0.06328536 0.1640694 0.6320804 0.7749029 0.04481846
3685	/frame 29653 /track 1 0.4306226 3.018056 0.06323387 0.1639735 0.429833 0.9029084 0.04279941
3685	/frame 29653 /track 1 0.4306226 3.018056 0.06323387 0.1639735 0.429833 0.9029084 0.04279941
3686	/frame 29654 /track 1 0.4307815 3.017888 0.0632572 0.16402 0.6418304 0.7668466 0.03987807
3686	/frame 29654 /track 1 0.4307815 3.017888 0.0632572 0.16402 0.6418304 0.7668466 0.03987807
3687	/frame 29655 /track 1 0.4309388 3.017719 0.06328029 0.1640667 0.8128607 0.5824581 0.03724725
3687	/frame 29655 /track 1 0.4309388 3.017719 0.06328029 0.1640667 0.8128607 0.5824581 0.03724725
3688	/frame 29656 /track 1 0.4310903 3.017555 0.06330255 0.1641123 0.9271561 0.3746753 0.03524442
3688	/frame 29656 /track 1 0.4310903 3.017555 0.06330255 0.1641123 0.9271561 0.3746753 0.03524442
3689	/frame 29657 /track 1 0.4312333 3.017509 0.06332354 0.1641248 0.9687068 0.248208 0.03260155
3689	/frame 29657 /track 1 0.4312333 3.017509 0.06332354 0.1641248 0.9687068 0.248208 0.03260155
3690	/frame 29658 /track 1 0.4313655 3.01746 0.06334296 0.1641385 0.9912629 0.1319015 0.0301718
3690	/frame 29658 /track 1 0.4313655 3.01746 0.06334296 0.1641385 0.9912629 0.1319015 0.0301718
3691	/frame 29659 /track 1 0.4315979 3.017521 0.06337707 0.1641216 0.9876536 0.1566541 0.02856769
3691	/frame 29659 /track 1 0.4315979 3.017521 0.06337707 0.1641216 0.9876536 0.1566541 0.02856769
3692	/frame 29660 /track 1 0.4318033 3.017568 0.06340723 0.1641086 0.985438 0.1700351 0.0270278
3692	/frame 29660 /track 1 0.4318033 3.017568 0.06340723 0.1641086 0.985438 0.1700351 0.0270278
3693	/frame 29661 /track 1 0.431982 3.017603 0.06343348 0.164099 0.9847406 0.1740295 0.02546293
3693	/frame 29661 /track 1 0.431982 3.017603 0.06343348 0.164099 0.9847406 0.1740295 0.02546293
3694	/frame 29662 /track 1 0.4315748 3.018523 0.06337368 0.1638441 0.9093007 0.4161398 0.02821336
3694	/frame 29662 /track 1 0.4315748 3.018523 0.06337368 0.1638441 0.9093007 0.4161398 0.02821336
3695	/frame 29663 /track 1 0.431215 3.01932 0.06332085 0.1636233 0.7804964 0.6251603 0.03085754
3695	/frame 29663 /track 1 0.431215 3.01932 0.06332085 0.1636233 0.7804964 0.6251603 0.03085754
3696	/frame 29664 /track 1 0.4309019 3.019439 0.06327488 0.1635904 0.6067434 0.7948977 0.02986414
3696	/frame 29664 /track 1 0.4309019 3.019439 0.06327488 0.1635904 0.6067434 0.7948977 0.02986414
3697	/frame 29665 /track 1 0.430634 3.019519 0.06323553 0.1635683 0.3886989 0.9213648 0.02862542
3697	/frame 29665 /track 1 0.430634 3.019519 0.06323553 0.1635683 0.3886989 0.9213648 0.02862542
3698	/frame 29666 /track 1 0.4309688 3.018333 0.0632847 0.1638966 0.5582778 0.829654 0.03300735
3698	/frame 29666 /track 1 0.4309688 3.018333 0.0632847 0.1638966 0.5582778 0.829654 0.03300735
3699	/frame 29667 /track 1 0.4312712 3.017279 0.0633291 0.1641886 0.7298734 0.6835823 0.03615702
3699	/frame 29667 /track 1 0.4312712 3.017279 0.0633291 0.1641886 0.7298734 0.6835823 0.03615702
3699	/frame 29668 /track 1 0.43154 3.016356 0.06336858 0.1644443 0.8753209 0.4835426 0.03855074
3699	/frame 29668 /track 1 0.43154 3.016356 0.06336858 0.1644443 0.8753209 0.4835426 0.03855074
3700	/frame 29669 /track 1 0.4309908 3.016793 0.06328793 0.1643232 0.7273335 0.6862842 0.03820496
3700	/frame 29669 /track 1 0.4309908 3.016793 0.06328793 0.1643232 0.7273335 0.6862842 0.03820496
3701	/frame 29670 /track 1 0.4305093 3.017194 0.06321722 0.1642123 0.533196 0.8459918 0.03885843
3701	/frame 29670 /track 1 0.4305093 3.017194 0.06321722 0.1642123 0.533196 0.8459918 0.03885843
3702	/frame 29671 /track 1 0.4299816 3.017891 0.06313973 0.1640191 0.3423909 0.9395576 0.03983111
3702	/frame 29671 /track 1 0.4299816 3.017891 0.06313973 0.1640191 0.3423909 0.9395576 0.03983111
3703	/frame 29672 /track 1 0.4295309 3.018505 0.06307355 0.1638491 0.166999 0.9859571 0.04092406
3703	/frame 29672 /track 1 0.4295309 3.018505 0.06307355 0.1638491 0.166999 0.9859571 0.04092406
3704	/frame 29673 /track 1 0.4287042 3.019597 0.06295216 0.1635466 0.01277399 0.9999184 0.04488797
3704	/frame 29673 /track 1 0.4287042 3.019597 0.06295216 0.1635466 0.01277399 0.9999184 0.04488797
3705	/frame 29674 /track 1 0.4280014 3.020539 0.06284896 0.1632857 -0.1138189 0.9935015 0.04774454
3705	/frame 29674 /track 1 0.4280014 3.020539 0.06284896 0.1632857 -0.1138189 0.9935015 0.04774454
3706	/frame 29675 /track 1 0.4274144 3.021338 0.06276275 0.1630642 -0.2145074 0.9767224 0.04916902
3706	/frame 29675 /track 1 0.4274144 3.021338 0.06276275 0.1630642 -0.2145074 0.9767224 0.04916902
3707	/frame 29676 /track 1 0.4271576 3.021332 0.06272504 0.1630659 -0.4327154 0.9015305 0.0456792
3707	/frame 29676 /track 1 0.4271576 3.021332 0.06272504 0.1630659 -0.4327154 0.9015305 0.0456792
3708	/frame 29677 /track 1 0.4269679 3.021291 0.06269719 0.1630774 -0.6249281 0.7806823 0.04225379
3708	/frame 29677 /track 1 0.4269679 3.021291 0.06269719 0.1630774 -0.6249281 0.7806823 0.04225379
3709	/frame 29678 /track 1 0.4282925 3.019765 0.0628917 0.1634999 -0.6143574 0.7890279 0.04866035
3709	/frame 29678 /track 1 0.4282925 3.019765 0.0628917 0.1634999 -0.6143574 0.7890279 0.04866035
3710	/frame 29679 /track 1 0.4294791 3.018407 0.06306595 0.1638761 -0.5992613 0.8005535 0.05667596
3710	/frame 29679 /track 1 0.4294791 3.018407 0.06306595 0.1638761 -0.5992613 0.8005535 0.05667596
3711	/frame 29680 /track 1 0.4305257 3.017217 0.06321963 0.1642058 -0.5779232 0.8160912 0.06033131
3711	/frame 29680 /track 1 0.4305257 3.017217 0.06321963 0.1642058 -0.5779232 0.8160912 0.06033131
3712	/frame 29681 /track 1 0.4315465 3.016078 0.06336953 0.1645214 -0.5462529 0.8376203 0.06385848
3712	/frame 29681 /track 1 0.4315465 3.016078 0.06336953 0.1645214 -0.5462529 0.8376203 0.06385848
3713	/frame 29682 /track 1 0.4324208 3.015109 0.06349792 0.1647899 -0.5020155 0.8648586 0.06563164
3713	/frame 29682 /track 1 0.4324208 3.015109 0.06349792 0.1647899 -0.5020155 0.8648586 0.06563164
3714	/frame 29683 /track 1 0.4331571 3.014298 0.06360603 0.1650145 -0.4404308 0.8977866 0.06551103
3714	/frame 29683 /track 1 0.4331571 3.014298 0.06360603 0.1650145 -0.4404308 0.8977866 0.06551103
3715	/frame 29684 /track 1 0.4321967 3.015986 0.06346501 0.1645469 -0.4514257 0.8923088 0.07038517
3715	/frame 29684 /track 1 0.4321967 3.015986 0.06346501 0.1645469 -0.4514257 0.8923088 0.07038517
3716	/frame 29685 /track 1 0.4313208 3.017505 0.06333638 0.1641261 -0.4612119 0.88729 0.07366098
3716	/frame 29685 /track 1 0.4313208 3.017505 0.06333638 0.1641261 -0.4612119 0.88729 0.07366098
3717	/frame 29686 /track 1 0.4316555 3.016945 0.06338553 0.1642811 -0.4433385 0.8963543 0.07013038
3717	/frame 29686 /track 1 0.4316555 3.016945 0.06338553 0.1642811 -0.4433385 0.8963543 0.07013038
3718	/frame 29687 /track 1 0.4319387 3.016457 0.06342712 0.1644164 -0.4233592 0.9059619 0.06664657
3718	/frame 29687 /track 1 0.4319387 3.016457 0.06342712 0.1644164 -0.4233592 0.9059619 0.06664657
3719	/frame 29688 /track 1 0.4312775 3.017831 0.06333002 0.1640359 -0.425442 0.9049858 0.068452
3719	/frame 29688 /track 1 0.4312775 3.017831 0.06333002 0.1640359 -0.425442 0.9049858 0.068452
3720	/frame 29689 /track 1 0.4306871 3.01904 0.06324333 0.1637008 -0.428091 0.9037357 0.07058087
3720	/frame 29689 /track 1 0.4306871 3.01904 0.06324333 0.1637008 -0.428091 0.9037357 0.07058087
3721	/frame 29690 /track 1 0.4301681 3.020089 0.06316712 0.1634102 -0.4311945 0.902259 0.07083634
3721	/frame 29690 /track 1 0.4301681 3.020089 0.06316712 0.1634102 -0.4311945 0.902259 0.07083634
3722	/frame 29691 /track 1 0.4299431 3.0202 0.06313409 0.1633797 -0.5441389 0.8389952 0.06522682
3722	/frame 29691 /track 1 0.4299431 3.0202 0.06313409 0.1633797 -0.5441389 0.8389952 0.06522682
3723	/frame 29692 /track 1 0.4297563 3.020266 0.06310665 0.1633614 -0.6461778 0.7631869 0.05980534
3723	/frame 29692 /track 1 0.4297563 3.020266 0.06310665 0.1633614 -0.6461778 0.7631869 0.05980534
3724	/frame 29693 /track 1 0.4284834 3.020184 0.06291974 0.1633841 -0.768505 0.6398438 0.0609109
3724	/frame 29693 /track 1 0.4284834 3.020184 0.06291974 0.1633841 -0.768505 0.6398438 0.0609109
3725	/frame 29694 /track 1 0.4273849 3.020087 0.06275842 0.1634108 -0.8551317 0.5184109 0.06269658
3726	/frame 29694 /track 1 0.4273849 3.020087 0.06275842 0.1634108 -0.8551317 0.5184109 0.06269658
3727	/frame 29695 /track 1 0.4279092 3.018637 0.06283542 0.1638125 -0.9390131 0.3438812 0.06499326
3727	/frame 29695 /track 1 0.4279092 3.018637 0.06283542 0.1638125 -0.9390131 0.3438812 0.06499326
3728	/frame 29696 /track 1 0.4284021 3.017355 0.06290779 0.1641677 -0.9918445 0.1274546 0.0676518
3728	/frame 29696 /track 1 0.4284021 3.017355 0.06290779 0.1641677 -0.9918445 0.1274546 0.0676518
3729	/frame 29697 /track 1 0.4288568 3.016239 0.06297457 0.1644768 -0.9931518 -0.1168313 0.06758185
3729	/frame 29697 /track 1 0.4288568 3.016239 0.06297457 0.1644768 -0.9931518 -0.1168313 0.06758185
3730	/frame 29698 /track 1 0.4292694 3.015283 0.06303515 0.1647417 -0.9318835 -0.3627577 0.06733154
3730	/frame 29698 /track 1 0.4292694 3.015283 0.06303515 0.1647417 -0.9318835 -0.3627577 0.06733154
3730	/frame 29699 /track 1 0.430198 3.014477 0.06317151 0.1649648 -0.8149274 -0.579563 0.06828093
3731	/frame 29699 /track 1 0.430198 3.014477 0.06317151 0.1649648 -0.8149274 -0.579563 0.06828093
3732	/frame 29700 /track 1 0.4310104 3.013811 0.06329081 0.1651492 -0.6429361 -0.7659199 0.06763206
3732	/frame 29700 /track 1 0.4310104 3.013811 0.06329081 0.1651492 -0.6429361 -0.7659199 0.06763206
3733	/frame 29701 /track 1 0.4312618 3.014057 0.06332773 0.1650813 -0.6171119 -0.7868753 0.0629352
3733	/frame 29701 /track 1 0.4312618 3.014057 0.06332773 0.1650813 -0.6171119 -0.7868753 0.0629352
3734	/frame 29702 /track 1 0.4314635 3.014315 0.06335735 0.1650097 -0.6177564 -0.7863696 0.05869055
3734	/frame 29702 /track 1 0.4314635 3.014315 0.06335735 0.1650097 -0.6177564 -0.7863696 0.05869055
3735	/frame 29703 /track 1 0.4321814 3.01368 0.06346276 0.1651857 -0.4107504 -0.9117479 0.05814749
3735	/frame 29703 /track 1 0.4321814 3.01368 0.06346276 0.1651857 -0.4107504 -0.9117479 0.05814749
3736	/frame 29704 /track 1 0.432789 3.013154 0.06355198 0.1653313 -0.2006996 -0.9796529 0.05705903
3736	/frame 29704 /track 1 0.432789 3.013154 0.06355198 0.1653313 -0.2006996 -0.9796529 0.05705903
3737	/frame 29705 /track 1 0.4322855 3.012616 0.06347805 0.1654804 -0.3050052 -0.9523507 0.05595902
3737	/frame 29705 /track 1 0.4322855 3.012616 0.06347805 0.1654804 -0.3050052 -0.9523507 0.05595902
3738	/frame 29706 /track 1 0.4318173 3.012181 0.06340929 0.1656008 -0.3993441 -0.9168011 0.054356
3738	/frame 29706 /track 1 0.4318173 3.012181 0.06340929 0.1656008 -0.3993441 -0.9168011 0.054356
3738	/frame 29707 /track 1 0.4313894 3.011839 0.06334647 0.1656956 -0.485087 -0.8744658 0.05214372
3739	/frame 29707 /track 1 0.4313894 3.011839 0.06334647 0.1656956 -0.485087 -0.8744658 0.05214372
3740	/frame 29708 /track 1 0.4315652 3.012362 0.06337228 0.1655506 -0.537113 -0.8435103 0.0499964
3740	/frame 29708 /track 1 0.4315652 3.012362 0.06337228 0.1655506 -0.537113 -0.8435103 0.0499964
3741	/frame 29709 /track 1 0.4317137 3.012856 0.06339408 0.165414 -0.6105662 -0.7919652 0.04821649
3741	/frame 29709 /track 1 0.4317137 3.012856 0.06339408 0.165414 -0.6105662 -0.7919652 0.04821649
3742	/frame 29710 /track 1 0.4318369 3.013312 0.06341218 0.1652876 -0.7044513 -0.7097523 0.04634904
3742	/frame 29710 /track 1 0.4318369 3.013312 0.06341218 0.1652876 -0.7044513 -0.7097523 0.04634904
3743	/frame 29711 /track 1 0.4316008 3.014063 0.06337751 0.1650794 -0.8565987 -0.5159832 0.04634771
3743	/frame 29711 /track 1 0.4316008 3.014063 0.06337751 0.1650794 -0.8565987 -0.5159832 0.04634771
3744	/frame 29712 /track 1 0.4319474 3.01428 0.06342839 0.1650195 -0.8594068 -0.5112926 0.04375583
3744	/frame 29712 /track 1 0.4319474 3.01428 0.06342839 0.1650195 -0.8594068 -0.5112926 0.04375583
3745	/frame 29713 /track 1 0.4322455 3.014468 0.06347217 0.1649674 -0.8638632 -0.5037264 0.04209219
3745	/frame 29713 /track 1 0.4322455 3.014468 0.06347217 0.1649674 -0.8638632 -0.5037264 0.04209219
3746	/frame 29714 /track 1 0.4337307 3.01306 0.06369026 0.1653575 -0.7094439 -0.704762 0.04811656
3746	/frame 29714 /track 1 0.4337307 3.01306 0.06369026 0.1653575 -0.7094439 -0.704762 0.04811656
3747	/frame 29715 /track 1 0.4350158 3.011826 0.06387897 0.1656992 -0.5149103 -0.8572441 0.05378344
3747	/frame 29715 /track 1 0.4350158 3.011826 0.06387897 0.1656992 -0.5149103 -0.8572441 0.05378344
3748	/frame 29716 /track 1 0.4361099 3.010762 0.06403963 0.1659938 -0.3081998 -0.9513217 0.05794177
3748	/frame 29716 /track 1 0.4361099 3.010762 0.06403963 0.1659938 -0.3081998 -0.9513217 0.05794177
3748	/frame 29717 /track 1 0.4370253 3.00986 0.06417406 0.1662437 -0.1136515 -0.9935206 0.06203437
3749	/frame 29717 /track 1 0.4370253 3.00986 0.06417406 0.1662437 -0.1136515 -0.9935206 0.06203437
3750	/frame 29718 /track 1 0.4349748 3.010117 0.06387296 0.1661726 -0.3531837 -0.935554 0.06567143
3750	/frame 29718 /track 1 0.4349748 3.010117 0.06387296 0.1661726 -0.3531837 -0.935554 0.06567143
3751	/frame 29719 /track 1 0.433134 3.010383 0.06360264 0.166099 -0.5562446 -0.8310187 0.07341138
3751	/frame 29719 /track 1 0.433134 3.010383 0.06360264 0.166099 -0.5562446 -0.8310187 0.07341138
3752	/frame 29720 /track 1 0.4336364 3.010648 0.06367642 0.1660256 -0.4235643 -0.9058661 0.06891016
3752	/frame 29720 /track 1 0.4336364 3.010648 0.06367642 0.1660256 -0.4235643 -0.9058661 0.06891016
3753	/frame 29721 /track 1 0.4340781 3.010905 0.06374128 0.1659544 -0.2557787 -0.9667353 0.0659513
3753	/frame 29721 /track 1 0.4340781 3.010905 0.06374128 0.1659544 -0.2557787 -0.9667353 0.0659513
3754	/frame 29722 /track 1 0.4334518 3.012718 0.06364931 0.1654522 -0.420577 -0.907257 0.07001214
3754	/frame 29722 /track 1 0.4334518 3.012718 0.06364931 0.1654522 -0.420577 -0.907257 0.07001214
3755	/frame 29723 /track 1 0.4328975 3.014313 0.06356792 0.1650102 -0.6006902 -0.7994819 0.07427263
3755	/frame 29723 /track 1 0.4328975 3.014313 0.06356792 0.1650102 -0.6006902 -0.7994819 0.07427263
3756	/frame 29724 /track 1 0.4324147 3.015696 0.06349701 0.1646272 -0.7724902 -0.6350266 0.07546001
3756	/frame 29724 /track 1 0.4324147 3.015696 0.06349701 0.1646272 -0.7724902 -0.6350266 0.07546001
3757	/frame 29725 /track 1 0.4317765 3.016538 0.0634033 0.1643939 -0.9050052 -0.4254006 0.07294545
3757	/frame 29725 /track 1 0.4317765 3.016538 0.0634033 0.1643939 -0.9050052 -0.4254006 0.07294545
3758	/frame 29726 /track 1 0.4316801 3.016672 0.06338915 0.1643568 -0.9786066 -0.2057402 0.06668227
3758	/frame 29726 /track 1 0.4316801 3.016672 0.06338915 0.1643568 -0.9786066 -0.2057402 0.06668227
3759	/frame 29727 /track 1 0.4316143 3.016743 0.06337949 0.164337 -0.9998348 -0.01817404 0.06066081
3759	/frame 29727 /track 1 0.4316143 3.016743 0.06337949 0.164337 -0.9998348 -0.01817404 0.06066081
