3663	/body/1/gyro/2/ -0.0395785 0.1652621 0.5323762 -0.8292753 14.38169 13.41215 64.56893 -1.647949 0.2288818 1.281738
3663	/body/1/gyro/3/ -0.3514897 -0.6048079 -0.5358641 -0.4727706 88.75413 -11.25462 -110.7028 -0.1525879 0.1068115 0.6561279
3663	/body/1/gyro/4/ 0.8283374 -0.3360156 -0.3586714 0.2688967 131.0628 -24.42457 52.87984 -2.01416 0.1220703 1.220703
3663	/body/1/gyro/5/ -0.9991612 -0.007756369 0.03097448 -0.02563971 177.085 -3.571538 -3.32864 0.07629395 0.9307861 0.5645752
3663	/body/1/gyro/6/ -0.7291415 -0.2186145 0.1783667 0.6234947 -99.14256 0.7162668 -35.29983 -0.869751 1.296997 1.571655
3665	/body/1/gyro/1/ -0.008483741 -0.09732383 -0.0713458 0.992656 -0.172637 11.21135 5.675031 -4.959106 1.00708 -1.403809
3665	/body/1/gyro/2/ -0.03968134 0.1655584 0.5323991 -0.8291966 14.41261 13.43301 64.58247 -1.663208 0.1678467 1.281738
3665	/body/1/gyro/3/ -0.3513863 -0.6046866 -0.5359749 -0.4728771 88.72848 -11.25736 -110.6995 -0.1068115 0.09155273 0.5645752
3665	/body/1/gyro/4/ 0.8281745 -0.336368 -0.3588902 0.2686659 131.0626 -24.43787 52.93589 -1.876831 0.09155273 1.190186
3666	/body/1/gyro/5/ -0.9990774 -0.01451629 0.03181871 -0.02492212 177.1928 -3.686792 -4.104496 0.1831055 0.869751 0.5493164
3666	/body/1/gyro/6/ -0.7289476 -0.2192848 0.1789749 0.6233118 -99.14381 0.7127179 -35.40791 -0.4882812 1.251221 1.647949
3667	/body/1/gyro/1/ 0.01385041 -0.09638549 -0.06800157 0.9929218 2.37061 10.92494 5.532448 -4.898071 1.083374 -1.419067
3668	/body/1/gyro/2/ -0.03969699 0.1650725 0.5325068 -0.8292236 14.38205 13.38459 64.58148 -1.602173 0.1678467 1.327515
3669	/body/1/gyro/3/ -0.3514094 -0.6047112 -0.5359643 -0.4728404 88.73386 -11.25512 -110.7016 -0.1220703 0.1068115 0.5950928
3669	/body/1/gyro/4/ 0.8281509 -0.3363713 -0.3587606 0.2689073 131.0466 -24.41296 52.92981 -1.983643 0.06103516 1.281738
3669	/body/1/gyro/5/ -0.9990334 -0.01661742 0.02960389 -0.02792324 176.8524 -3.444323 -4.341223 0.213623 0.8087158 0.5493164
3669	/body/1/gyro/6/ -0.7285875 -0.2200261 0.1793136 0.6233742 -99.12077 0.7463521 -35.50149 -0.3662109 1.235962 1.724243
3670	/body/1/gyro/1/ -0.01086617 -0.09983244 -0.06358517 0.992911 -0.5193944 11.5154 4.745967 -4.867554 1.098633 -1.480103
3670	/body/1/gyro/2/ -0.03982706 0.1649748 0.5325993 -0.8291774 14.38931 13.36555 64.59186 -1.617432 0.2441406 1.373291
3670	/body/1/gyro/3/ -0.3513281 -0.6048561 -0.5358049 -0.472896 88.74757 -11.27869 -110.7037 -0.07629395 0.1373291 0.6561279
3670	/body/1/gyro/4/ 0.8281723 -0.3363141 -0.3586969 0.2689979 131.0431 -24.40539 52.91932 -2.029419 0.1525879 1.373291
3671	/body/1/gyro/5/ -0.9989916 -0.01813837 0.03073975 -0.0272371 176.9385 -3.577901 -4.514729 0.07629395 0.8239746 0.5493164
3671	/body/1/gyro/6/ -0.7289449 -0.2199985 0.1787787 0.6231197 -99.17989 0.7753057 -35.45797 -0.7019043 1.205444 1.785278
3673	/body/1/gyro/1/ 0.01041355 -0.09683412 -0.06146698 0.9933461 1.902836 11.01695 4.735273 -4.898071 1.052856 -1.403809
3673	/body/1/gyro/2/ -0.03989619 0.1649796 0.5331822 -0.8287984 14.40559 13.35158 64.67285 -1.602173 0.1525879 1.327515
3673	/body/1/gyro/3/ -0.3511955 -0.6047436 -0.5358782 -0.4730555 88.72072 -11.28903 -110.6973 -0.1678467 0.1678467 0.6256104
3673	/body/1/gyro/4/ 0.8282207 -0.3363596 -0.3584615 0.2691061 131.0503 -24.37692 52.90708 -2.044678 0.07629395 1.174927
3673	/body/1/gyro/5/ -0.9990643 -0.009523372 0.02989628 -0.02976533 176.6169 -3.457237 -3.520156 0.07629395 1.098633 0.5950928
3673	/body/1/gyro/6/ -0.728835 -0.2197726 0.1784792 0.6234137 -99.1498 0.7938443 -35.41406 -0.7171631 1.235962 1.663208
3675	/body/1/gyro/1/ -0.009009507 -0.102083 -0.06700459 0.9924758 -0.2460012 11.76144 5.16931 -4.852295 1.098633 -1.434326
3675	/body/1/gyro/2/ -0.03981862 0.1649757 0.5336731 -0.8284869 14.40563 13.34772 64.73996 -1.647949 0.213623 1.373291
3675	/body/1/gyro/3/ -0.3511437 -0.6049057 -0.5357127 -0.4730741 88.7393 -11.30935 -110.701 -0.1525879 0.1373291 0.579834
3676	/body/1/gyro/4/ 0.8281026 -0.3363468 -0.358439 0.2695149 131.0066 -24.35239 52.91095 -2.075195 0.1373291 1.068115
3677	/body/1/gyro/5/ -0.9991827 -0.007334718 0.02923315 -0.02693542 176.9338 -3.371719 -3.280901 -0.01525879 1.083374 0.6256104
3677	/body/1/gyro/6/ -0.7283654 -0.2195407 0.1783533 0.6240799 -99.05859 0.8141463 -35.38262 -0.3356934 1.312256 1.800537
3678	/body/1/gyro/1/ 0.01303905 -0.09554029 -0.06590742 0.9931557 2.246139 10.83924 5.276474 -5.020142 1.068115 -1.434326
3678	/body/1/gyro/2/ -0.03933826 0.1651508 0.534028 -0.8282462 14.37707 13.38867 64.79165 -1.693726 0.1525879 1.373291
3678	/body/1/gyro/3/ -0.3511313 -0.6049334 -0.5357071 -0.4730541 88.7422 -11.31048 -110.7044 -0.07629395 0.06103516 0.6561279
3678	/body/1/gyro/4/ 0.8281183 -0.3363525 -0.358281 0.2696699 131.0027 -24.32989 52.90125 -1.907349 0.1068115 1.113892
3678	/body/1/gyro/5/ -0.9991525 -0.006014982 0.03065963 -0.02679534 176.946 -3.531061 -3.125683 0.07629395 0.9765625 0.6256104
3678	/body/1/gyro/6/ -0.7285044 -0.2186216 0.177627 0.6244474 -99.03537 0.8154194 -35.24263 -0.6713867 1.312256 1.663208
3680	/body/1/gyro/1/ -0.008342666 -0.1007834 -0.07028475 0.9923876 -0.1398684 11.60744 5.558076 -4.974365 1.083374 -1.373291
3681	/body/1/gyro/2/ -0.03937798 0.1652223 0.5338036 -0.8283747 14.38232 13.39669 64.76328 -1.63269 0.213623 1.373291
3682	/body/1/gyro/3/ -0.3507825 -0.6053683 -0.5351154 -0.4734262 88.77469 -11.40695 -110.6976 -0.03051758 0.09155273 0.5493164
3682	/body/1/gyro/4/ 0.8280941 -0.3362932 -0.3582195 0.2698995 130.9834 -24.3147 52.89317 -2.105713 0.1373291 1.220703
3682	/body/1/gyro/5/ -0.9991158 0.001205129 0.02966036 -0.02977342 176.5791 -3.393694 -2.290409 0.1373291 0.9002686 0.579834
3682	/body/1/gyro/6/ -0.7289608 -0.2181918 0.1765496 0.6243708 -99.09087 0.8634644 -35.12059 -0.6713867 1.205444 1.739502
3683	/body/1/gyro/1/ 0.01264054 -0.09672904 -0.06715792 0.992962 2.223937 10.97605 5.42219 -4.91333 1.098633 -1.419067
3683	/body/1/gyro/2/ -0.03941623 0.1654077 0.5336152 -0.8284573 14.39592 13.41486 64.74361 -1.63269 0.2288818 1.373291
3683	/body/1/gyro/3/ -0.3507324 -0.6057676 -0.5346363 -0.4734938 88.82693 -11.45661 -110.6973 -0.1220703 0.1220703 0.6103516
3683	/body/1/gyro/4/ 0.8280709 -0.3361296 -0.3581769 0.270231 130.9532 -24.30076 52.87604 -2.059937 0.07629395 1.312256
3683	/body/1/gyro/5/ -0.9991859 0.001436814 0.03099201 -0.02578799 177.0352 -3.54655 -2.273411 0.09155273 0.8239746 0.6256104
3683	/body/1/gyro/6/ -0.7289725 -0.2181506 0.1771873 0.6241907 -99.09063 0.8025012 -35.16613 -0.6561279 1.190186 1.846313
3685	/body/1/gyro/1/ -0.0102038 -0.1009717 -0.07430308 0.9920583 -0.3065718 11.64551 6.005408 -4.776001 1.052856 -1.434326
3685	/body/1/gyro/2/ -0.03947227 0.1654428 0.5334804 -0.8285344 14.40162 13.41689 64.72651 -1.617432 0.1983643 1.464844
3686	/body/1/gyro/3/ -0.3505764 -0.6060664 -0.5342358 -0.473679 88.85625 -11.51245 -110.6929 -0.1068115 0.09155273 0.6866455
3686	/body/1/gyro/4/ 0.8280875 -0.3360259 -0.3580379 0.2704931 130.9379 -24.27949 52.85682 -2.029419 0.06103516 1.174927
3686	/body/1/gyro/5/ -0.9991473 0.002461941 0.03128827 -0.02682635 176.9122 -3.577069 -2.1512 0.09155273 0.8392334 0.5340576
3686	/body/1/gyro/6/ -0.7291866 -0.218298 0.1775425 0.6237881 -99.13426 0.7689421 -35.20727 -0.6256104 1.251221 1.678467
3688	/body/1/gyro/1/ 0.01019563 -0.09758242 -0.0708677 0.9926487 1.989718 11.08617 5.830241 -4.852295 0.9460449 -1.449585
3688	/body/1/gyro/2/ -0.03939644 0.1651691 0.5331976 -0.8287746 14.37072 13.40093 64.67802 -1.693726 0.07629395 1.327515
3688	/body/1/gyro/3/ -0.3506608 -0.6059366 -0.5343888 -0.47361 88.84487 -11.48883 -110.6921 -0.1525879 0.09155273 0.6408691
3688	/body/1/gyro/4/ 0.8281835 -0.3359521 -0.3578088 0.270594 130.9478 -24.25821 52.83082 -2.01416 0.09155273 1.12915
3688	/body/1/gyro/5/ -0.9992544 0.003920652 0.02841575 -0.02584217 177.022 -3.243899 -1.996051 0.2746582 0.8239746 0.579834
3689	/body/1/gyro/6/ -0.7291869 -0.2185153 0.1777874 0.6236419 -99.1453 0.7603383 -35.24604 -0.4577637 1.342773 1.693726
3691	/body/1/gyro/1/ -0.01055643 -0.1003162 -0.07344799 0.9921848 -0.3632987 11.57293 5.900554 -4.852295 1.144409 -1.480103
3691	/body/1/gyro/2/ -0.03987406 0.1652539 0.5329807 -0.8288744 14.41934 13.38217 64.65392 -1.663208 0.1220703 1.327515
3691	/body/1/gyro/3/ -0.3507803 -0.605741 -0.534603 -0.47353 88.82708 -11.45608 -110.6889 -0.1373291 0.1068115 0.5645752
3691	/body/1/gyro/4/ 0.8280562 -0.3361611 -0.358032 0.2704288 130.9428 -24.27558 52.87127 -1.968384 0.1373291 1.174927
3691	/body/1/gyro/5/ -0.99913 0.004443017 0.03125416 -0.02725166 176.8563 -3.566775 -1.922522 0.1373291 0.793457 0.5340576
3691	/body/1/gyro/6/ -0.7295867 -0.2190399 0.1782558 0.622856 -99.23961 0.7308053 -35.33058 -0.6866455 1.327515 1.739502
3693	/body/1/gyro/1/ 0.0118651 -0.09600832 -0.06794602 0.9929879 2.136649 10.89781 5.502657 -4.882812 1.083374 -1.342773
3693	/body/1/gyro/2/ -0.03990729 0.1655222 0.5327654 -0.8289577 14.43779 13.40892 64.63326 -1.708984 0.2288818 1.403809
3694	/body/1/gyro/3/ -0.3509512 -0.6056259 -0.5347205 -0.4734179 88.82492 -11.42627 -110.6853 -0.1525879 0.1831055 0.5340576
3695	/body/1/gyro/4/ 0.828039 -0.3364024 -0.3580521 0.2701547 130.9669 -24.28029 52.89678 -1.953125 0.1068115 1.098633
3695	/body/1/gyro/5/ -0.999175 0.004257849 0.03064438 -0.02630933 176.9656 -3.498025 -1.949009 0.213623 0.9307861 0.6256104
3695	/body/1/gyro/6/ -0.7292253 -0.219421 0.1786038 0.6230454 -99.19781 0.7410622 -35.39194 -0.5340576 1.281738 1.754761
3696	/body/1/gyro/1/ -0.007089697 -0.09940539 -0.06829166 0.9926754 -0.02913588 11.43891 5.338072 -4.989624 1.083374 -1.373291
3696	/body/1/gyro/2/ -0.03957653 0.1655578 0.5335867 -0.828438 14.42141 13.41919 64.74563 -1.708984 0.2593994 1.38855
3696	/body/1/gyro/3/ -0.3509738 -0.6053202 -0.5350336 -0.4734384 88.78362 -11.39654 -110.6789 -0.09155273 0.1220703 0.6256104
3696	/body/1/gyro/4/ 0.828023 -0.3365831 -0.3580525 0.269978 130.9831 -24.28096 52.91518 -2.059937 0.07629395 1.296997
3696	/body/1/gyro/5/ -0.9992784 -0.00663343 0.02970619 -0.02272253 177.4152 -3.420927 -3.213471 0.06103516 0.7476807 0.6408691
3696	/body/1/gyro/6/ -0.7291021 -0.2198654 0.178824 0.6229697 -99.19965 0.7550124 -35.44947 -0.5340576 1.251221 1.876831
3698	/body/1/gyro/1/ 0.01559335 -0.09682479 -0.06583428 0.9929993 2.552248 10.96683 5.301185 -4.898071 1.12915 -1.403809
3698	/body/1/gyro/2/ -0.03933971 0.1657304 0.5343232 -0.82794 14.42236 13.43779 64.85149 -1.647949 0.1678467 1.373291
3698	/body/1/gyro/3/ -0.3511171 -0.6051835 -0.5351824 -0.4733386 88.77618 -11.36685 -110.6762 -0.06103516 0.1831055 0.579834
3699	/body/1/gyro/4/ 0.8279966 -0.3365881 -0.3581877 0.2698737 130.983 -24.29808 52.92515 -2.029419 0.03051758 1.174927
3700	/body/1/gyro/5/ -0.999043 -0.009391339 0.03116151 -0.02921952 176.68 -3.601244 -3.502767 0.09155273 0.8392334 0.579834
3700	/body/1/gyro/6/ -0.7287583 -0.2192787 0.1786958 0.6236153 -99.11154 0.7471005 -35.38558 -0.6866455 1.251221 1.663208
3701	/body/1/gyro/1/ -0.0104564 -0.09726862 -0.06570523 0.9930319 -0.4664229 11.21877 4.995252 -4.974365 1.12915 -1.464844
3701	/body/1/gyro/2/ -0.03952033 0.1655169 0.535038 -0.8275123 14.43632 13.39393 64.94434 -1.708984 0.1373291 1.312256
3701	/body/1/gyro/3/ -0.3512079 -0.6053019 -0.5351055 -0.4732069 88.80039 -11.36155 -110.6834 -0.1678467 0.1068115 0.579834
3701	/body/1/gyro/4/ 0.8280152 -0.3366085 -0.358238 0.2697242 130.9951 -24.30979 52.92911 -1.968384 0.1373291 1.327515
3701	/body/1/gyro/5/ -0.9992366 -0.01135754 0.02821566 -0.02451472 177.2241 -3.264479 -3.753299 0.07629395 0.8850098 0.579834
3701	/body/1/gyro/6/ -0.728735 -0.2192393 0.1782145 0.6237941 -99.10568 0.7894472 -35.34473 -0.2746582 1.296997 1.77002
3703	/body/1/gyro/1/ 0.01055236 -0.09708168 -0.06318266 0.9932128 1.940171 11.04104 4.937403 -4.959106 1.068115 -1.38855
3704	/body/1/gyro/2/ -0.03939078 0.165618 0.5337468 -0.8283316 14.41022 13.43392 64.76854 -1.663208 0.1983643 1.296997
3705	/body/1/gyro/3/ -0.3511905 -0.6054155 -0.5349221 -0.4732817 88.81496 -11.38175 -110.6775 -0.06103516 0.1678467 0.5340576
3705	/body/1/gyro/4/ 0.8280497 -0.3366539 -0.3582567 0.2695367 131.0136 -24.31969 52.93274 -2.01416 0.1220703 1.159668
3705	/body/1/gyro/5/ -0.9990979 -0.007769712 0.03047608 -0.02853605 176.7522 -3.516765 -3.321399 0.1525879 0.7629395 0.5340576
3705	/body/1/gyro/6/ -0.7292905 -0.2190744 0.1779598 0.6232753 -99.19127 0.7745745 -35.31057 -0.6256104 1.281738 1.724243
3706	/body/1/gyro/1/ -0.007469838 -0.09967002 -0.06837481 0.9926404 -0.07015 11.47232 5.343772 -4.882812 1.037598 -1.464844
3706	/body/1/gyro/2/ -0.03932815 0.1652938 0.5327165 -0.8290623 14.36511 13.42522 64.6153 -1.602173 0.1220703 1.296997
3706	/body/1/gyro/3/ -0.3511167 -0.6056912 -0.5345919 -0.473357 88.84779 -11.4205 -110.6777 -0.1068115 0.1373291 0.579834
3706	/body/1/gyro/4/ 0.8280106 -0.3365168 -0.3581555 0.2699622 130.9773 -24.29404 52.91557 -2.090454 0.09155273 1.12915
3706	/body/1/gyro/5/ -0.9991699 -0.007849563 0.03084558 -0.02542305 177.1101 -3.556862 -3.340474 0.03051758 0.9460449 0.5950928
3707	/body/1/gyro/6/ -0.7289632 -0.2190061 0.1785378 0.6235169 -99.13232 0.7341491 -35.34866 -0.579834 1.266479 1.647949
3709	/body/1/gyro/1/ 0.01575078 -0.0938542 -0.0690857 0.9930612 2.580418 10.61622 5.668918 -4.867554 1.052856 -1.419067
3709	/body/1/gyro/2/ -0.03934916 0.1654364 0.5317836 -0.8296316 14.36214 13.45326 64.49147 -1.63269 0.1678467 1.38855
3709	/body/1/gyro/3/ -0.3511098 -0.6058354 -0.5343831 -0.4734132 88.86756 -11.44146 -110.6731 -0.1068115 0.1831055 0.579834
3709	/body/1/gyro/4/ 0.8280376 -0.3364147 -0.3579667 0.2702569 130.9626 -24.2666 52.89296 -2.029419 0.1831055 1.205444
3709	/body/1/gyro/5/ -0.9991451 -0.005247848 0.03022167 -0.02771547 176.8375 -3.478992 -3.035801 0.09155273 0.9155273 0.6103516
3709	/body/1/gyro/6/ -0.7291639 -0.2194382 0.1785337 0.6231313 -99.18832 0.7515721 -35.38804 -0.50354 1.327515 1.800537
3711	/body/1/gyro/1/ -0.006469957 -0.1003514 -0.07344688 0.9922163 0.1112145 11.54228 5.948215 -4.989624 1.113892 -1.403809
3711	/body/1/gyro/2/ -0.03990856 0.1656369 0.5301791 -0.8305912 14.40456 13.46408 64.28064 -1.571655 0.1831055 1.38855
3712	/body/1/gyro/3/ -0.3510688 -0.6062427 -0.5339008 -0.4734664 88.92174 -11.49014 -110.6737 -0.1220703 0.1220703 0.6561279
3713	/body/1/gyro/4/ 0.8281384 -0.3361541 -0.3576234 0.2707264 130.9447 -24.22441 52.8418 -2.044678 0.1220703 1.190186
3713	/body/1/gyro/5/ -0.9991902 -0.004550755 0.02983737 -0.02660957 176.9619 -3.43227 -2.960852 0.1525879 0.8392334 0.5645752
3713	/body/1/gyro/6/ -0.7293715 -0.2195513 0.1787891 0.6227751 -99.22919 0.7250836 -35.41831 -0.5950928 1.266479 1.77002
3714	/body/1/gyro/1/ 0.01649739 -0.09503565 -0.07054778 0.9928339 2.693369 10.74169 5.85213 -4.928589 1.037598 -1.464844
3714	/body/1/gyro/2/ -0.0402124 0.1657144 0.528768 -0.8314602 14.41682 13.47634 64.09097 -1.708984 0.1220703 1.251221
3714	/body/1/gyro/3/ -0.3509911 -0.6062981 -0.5337632 -0.4736081 88.92313 -11.51375 -110.6655 -0.1068115 0.1068115 0.5950928
3714	/body/1/gyro/4/ 0.8281938 -0.3359028 -0.3574483 0.2710997 130.923 -24.20148 52.804 -2.029419 0.1525879 1.190186
3714	/body/1/gyro/5/ -0.9991456 -0.004120453 0.03062244 -0.02744684 176.8645 -3.52125 -2.906166 0.1678467 0.8850098 0.6713867
3714	/body/1/gyro/6/ -0.7290838 -0.2187411 0.1783745 0.6235155 -99.13925 0.7263538 -35.31194 -0.5493164 1.327515 1.678467
3716	/body/1/gyro/1/ -0.008419986 -0.09951842 -0.07182592 0.9924043 -0.1412473 11.46297 5.735028 -4.974365 1.144409 -1.525879
3717	/body/1/gyro/2/ -0.04009499 0.1657376 0.5276391 -0.8321781 14.38895 13.50528 63.93575 -1.663208 0.1068115 1.403809
3718	/body/1/gyro/3/ -0.3508359 -0.6064162 -0.5335273 -0.4738377 88.92698 -11.55594 -110.6549 0.01525879 0.1525879 0.7171631
3718	/body/1/gyro/4/ 0.8281845 -0.3356728 -0.3572882 0.2716233 130.8825 -24.17017 52.77268 -1.998901 0.06103516 1.144409
3718	/body/1/gyro/5/ -0.9991847 -0.01302105 0.02982384 -0.02389433 177.3027 -3.452515 -3.941931 0.1220703 0.9002686 0.5493164
3718	/body/1/gyro/6/ -0.7289416 -0.2181652 0.1779354 0.624009 -99.086 0.7371352 -35.22525 -0.5187988 1.281738 1.861572
3719	/body/1/gyro/1/ 0.01228866 -0.09636213 -0.06886004 0.9928855 2.198973 10.93299 5.61508 -4.882812 1.068115 -1.38855
3719	/body/1/gyro/2/ -0.03984438 0.1655368 0.5286686 -0.8315765 14.36724 13.48461 64.06907 -1.739502 0.1373291 1.281738
3719	/body/1/gyro/3/ -0.3511314 -0.6062402 -0.5337713 -0.4735691 88.9265 -11.49868 -110.6569 -0.07629395 0.1220703 0.6561279
3719	/body/1/gyro/4/ 0.8281901 -0.335454 -0.357441 0.2716756 130.868 -24.19158 52.76027 -2.090454 0.1068115 1.205444
3720	/body/1/gyro/5/ -0.9990476 -0.01532114 0.02939513 -0.02837235 176.7961 -3.417063 -4.191617 0.1678467 0.9155273 0.7171631
3721	/body/1/gyro/6/ -0.7289125 -0.2177609 0.1774335 0.6243269 -99.06068 0.7586746 -35.1495 -0.8087158 1.266479 1.617432
3722	/body/1/gyro/1/ -0.01153382 -0.1000923 -0.07297929 0.9922311 -0.4841762 11.55526 5.834151 -4.928589 1.12915 -1.434326
3722	/body/1/gyro/2/ -0.03996725 0.1654843 0.5296147 -0.8309788 14.39065 13.45569 64.19832 -1.693726 0.1525879 1.358032
3722	/body/1/gyro/3/ -0.3512971 -0.6059504 -0.5340941 -0.4734533 88.89919 -11.45084 -110.6529 -0.07629395 0.1220703 0.5187988
3722	/body/1/gyro/4/ 0.8282869 -0.3353613 -0.3573301 0.271641 130.8833 -24.189 52.73945 -2.01416 0.1220703 1.205444
3722	/body/1/gyro/5/ -0.9990572 -0.01681757 0.03059711 -0.02580086 177.0984 -3.554867 -4.368725 0.07629395 0.8850098 0.6408691
3722	/body/1/gyro/6/ -0.7289139 -0.2187565 0.1786068 0.6236423 -99.11126 0.7147059 -35.33115 -0.4882812 1.296997 1.800537
3724	/body/1/gyro/1/ 0.009901865 -0.09654606 -0.06753924 0.992985 1.909194 10.97613 5.435566 -4.928589 1.068115 -1.480103
3724	/body/1/gyro/2/ -0.0396574 0.1654116 0.530328 -0.8305531 14.36699 13.45629 64.29211 -1.63269 0.1525879 1.373291
3724	/body/1/gyro/3/ -0.3514004 -0.6057495 -0.5343068 -0.4733937 88.87935 -11.42031 -110.6489 -0.06103516 0.1373291 0.5493164
3725	/body/1/gyro/4/ 0.828343 -0.3352435 -0.3573222 0.2716257 130.8881 -24.19536 52.72451 -2.029419 0.1525879 1.159668
3726	/body/1/gyro/5/ -0.9990515 -0.01280663 0.02966672 -0.02918926 176.6941 -3.441236 -3.899508 0.09155273 0.9307861 0.6408691
3726	/body/1/gyro/6/ -0.7290298 -0.219787 0.1794125 0.6229128 -99.1833 0.7002905 -35.48771 -0.4577637 1.281738 1.831055
3727	/body/1/gyro/1/ -0.009005932 -0.09605475 -0.06688507 0.9930855 -0.2941326 11.0687 5.147691 -4.943848 1.037598 -1.38855
3727	/body/1/gyro/2/ -0.03985687 0.1652034 0.5309588 -0.8301819 14.38195 13.41326 64.37344 -1.571655 0.1525879 1.342773
3727	/body/1/gyro/3/ -0.3513877 -0.6056013 -0.5344327 -0.4734505 88.85735 -11.41175 -110.6428 -0.04577637 0.09155273 0.6408691
3727	/body/1/gyro/4/ 0.828306 -0.3350917 -0.357415 0.2718037 130.8632 -24.20105 52.71733 -2.059937 0.06103516 1.144409
3727	/body/1/gyro/5/ -0.999143 -0.0124984 0.03024752 -0.0253414 177.1354 -3.501614 -3.875783 0.06103516 0.8850098 0.5645752
3727	/body/1/gyro/6/ -0.7290531 -0.2208659 0.1800136 0.6223302 -99.24246 0.7118679 -35.63287 -0.8239746 1.251221 1.724243
3729	/body/1/gyro/1/ 0.01427059 -0.09684847 -0.06473036 0.9930895 2.386758 10.9826 5.158104 -4.867554 1.083374 -1.464844
3730	/body/1/gyro/2/ -0.03973109 0.1650097 0.5314631 -0.8299037 14.36436 13.39441 64.43577 -1.77002 0.1678467 1.373291
3731	/body/1/gyro/3/ -0.3514129 -0.6057092 -0.5342795 -0.4734668 88.87466 -11.42359 -110.6395 -0.1068115 0.2288818 0.579834
3731	/body/1/gyro/4/ 0.828283 -0.3350283 -0.3574216 0.2719433 130.8482 -24.19699 52.71283 -2.090454 0.1220703 1.068115
3731	/body/1/gyro/5/ -0.9990999 -0.01164262 0.02934019 -0.02833648 176.7876 -3.398911 -3.769952 0.04577637 0.9307861 0.7019043
3731	/body/1/gyro/6/ -0.7287028 -0.2198178 0.178799 0.6234608 -99.12968 0.774249 -35.44277 -0.50354 1.312256 1.861572
3732	/body/1/gyro/1/ -0.008643225 -0.1017109 -0.07029741 0.9922895 -0.1669514 11.71646 5.557415 -4.974365 1.052856 -1.434326
3732	/body/1/gyro/2/ -0.03960538 0.1654793 0.5317801 -0.8296131 14.38987 13.44106 64.49405 -1.724243 0.03051758 1.358032
3732	/body/1/gyro/3/ -0.3516538 -0.6054005 -0.5346879 -0.4732215 88.85101 -11.35731 -110.6429 -0.1068115 0.1525879 0.6256104
3732	/body/1/gyro/4/ 0.8283204 -0.3349159 -0.3574514 0.2719285 130.8496 -24.20623 52.70168 -2.01416 0.1220703 1.098633
3732	/body/1/gyro/5/ -0.9990872 -0.007459652 0.03121049 -0.02819503 176.7907 -3.599663 -3.284705 0.03051758 0.9155273 0.5493164
3733	/body/1/gyro/6/ -0.7285711 -0.2185138 0.1781486 0.6242588 -99.04104 0.7580779 -35.2732 -0.5950928 1.251221 1.678467
3735	/body/1/gyro/1/ 0.0129546 -0.09594459 -0.06680585 0.9930578 2.249714 10.88429 5.381662 -4.959106 1.12915 -1.434326
3735	/body/1/gyro/2/ -0.03921784 0.165562 0.5327526 -0.8289908 14.37369 13.45679 64.62839 -1.617432 0.213623 1.358032
3735	/body/1/gyro/3/ -0.3517556 -0.6051424 -0.5349907 -0.4731339 88.82302 -11.31804 -110.6417 -0.1220703 0.213623 0.7476807
3735	/body/1/gyro/4/ 0.8283757 -0.3349186 -0.357435 0.2717783 130.8679 -24.21324 52.69799 -2.059937 0.1373291 1.251221
3735	/body/1/gyro/5/ -0.9991437 -0.005766704 0.03100273 -0.02678519 176.9464 -3.569618 -3.096199 0.07629395 0.8392334 0.6561279
3735	/body/1/gyro/6/ -0.7290612 -0.2179775 0.1770755 0.6241792 -99.09689 0.7973725 -35.14177 -0.6408691 1.205444 1.693726
3737	/body/1/gyro/1/ -0.008972039 -0.101435 -0.07674967 0.9918367 -0.1303228 11.68852 6.306275 -5.004883 1.068115 -1.464844
3737	/body/1/gyro/2/ -0.03917231 0.1653954 0.5336142 -0.828472 14.37148 13.42929 64.74151 -1.63269 0.1525879 1.434326
3737	/body/1/gyro/3/ -0.3519669 -0.6051825 -0.5350441 -0.4728649 88.8462 -11.28582 -110.6526 -0.1525879 0.1525879 0.579834
3738	/body/1/gyro/4/ 0.8284165 -0.33489 -0.357519 0.2715786 130.8837 -24.23319 52.698 -1.953125 0.1373291 1.174927
3739	/body/1/gyro/5/ -0.9991509 -0.004766305 0.03046925 -0.02732009 176.8813 -3.505662 -2.981175 0.04577637 0.9155273 0.5950928
3739	/body/1/gyro/6/ -0.729335 -0.2181527 0.1772674 0.6237437 -99.15203 0.7774197 -35.17289 -0.5950928 1.266479 1.754761
3740	/body/1/gyro/1/ 0.01131387 -0.09492254 -0.07343414 0.992708 2.123645 10.76604 6.131467 -4.898071 1.098633 -1.449585
3740	/body/1/gyro/2/ -0.03923495 0.1656676 0.5342367 -0.8280132 14.40647 13.44008 64.83683 -1.678467 0.1678467 1.312256
3740	/body/1/gyro/3/ -0.3520501 -0.6049272 -0.5353939 -0.4727337 88.81712 -11.24285 -110.6578 -0.1373291 0.06103516 0.6256104
3740	/body/1/gyro/4/ 0.8285029 -0.3348481 -0.3575152 0.2713718 130.9081 -24.24681 52.68903 -1.998901 0.06103516 1.235962
3740	/body/1/gyro/5/ -0.9989944 0.009168508 0.03153794 -0.03052098 176.4638 -3.58061 -1.367772 0.1068115 0.8850098 0.5187988
3740	/body/1/gyro/6/ -0.7290262 -0.2180774 0.1776426 0.6240242 -99.0959 0.7539714 -35.19468 -0.4882812 1.281738 1.77002
3743	/body/1/gyro/1/ -0.01107792 -0.09935004 -0.07569936 0.9921071 -0.4057061 11.46732 6.155875 -4.821777 1.022339 -1.403809
3743	/body/1/gyro/2/ -0.03910264 0.1653586 0.5341939 -0.8281089 14.37145 13.42033 64.81989 -1.693726 0.1983643 1.327515
3743	/body/1/gyro/3/ -0.3520634 -0.6047859 -0.5355809 -0.4726928 88.79831 -11.22364 -110.6602 -0.1678467 0.1678467 0.6256104
3743	/body/1/gyro/4/ 0.8284355 -0.3352029 -0.3578852 0.2706507 130.9501 -24.30059 52.74908 -2.120972 0.1220703 1.12915
3743	/body/1/gyro/5/ -0.9991213 0.01527856 0.02932016 -0.02575902 176.9931 -3.313638 -0.6908084 0.03051758 0.9460449 0.5340576
3743	/body/1/gyro/6/ -0.729284 -0.2184311 0.1781041 0.6234674 -99.15739 0.7215065 -35.26292 -0.9155273 1.220703 1.541138
3745	/body/1/gyro/1/ 0.01256482 -0.09726524 -0.07008001 0.9927086 2.252614 11.03164 5.76372 -4.882812 1.052856 -1.373291
3745	/body/1/gyro/2/ -0.03906593 0.1651545 0.5341248 -0.8281959 14.35257 13.40474 64.80341 -1.63269 0.213623 1.220703
3745	/body/1/gyro/3/ -0.351984 -0.6046826 -0.5357417 -0.4727018 88.77721 -11.21692 -110.6656 0.03051758 0.04577637 0.6408691
3745	/body/1/gyro/4/ 0.8283791 -0.3355212 -0.3581469 0.2700821 130.985 -24.33847 52.79854 -2.075195 0.06103516 1.281738
3745	/body/1/gyro/5/ -0.9989467 0.01873389 0.03151509 -0.0275933 176.7658 -3.550596 -0.2809727 0.1373291 0.9307861 0.5187988
3745	/body/1/gyro/6/ -0.7288218 -0.2188466 0.1783001 0.6238061 -99.10032 0.752761 -35.31557 -0.3662109 1.281738 1.754761
3748	/body/1/gyro/1/ -0.009375188 -0.0984877 -0.07072599 0.9925775 -0.2734914 11.3522 5.594248 -4.91333 1.205444 -1.419067
3749	/body/1/gyro/2/ -0.03885239 0.1653657 0.5340456 -0.8282149 14.3454 13.43952 64.79805 -1.708984 0.1831055 1.342773
3749	/body/1/gyro/3/ -0.3519485 -0.6045535 -0.5359099 -0.4727027 88.7561 -11.20516 -110.6678 -0.09155273 0.1525879 0.6561279
3749	/body/1/gyro/4/ 0.8283659 -0.3358342 -0.3583498 0.269464 131.0305 -24.3745 52.84163 -1.998901 0.09155273 1.190186
3749	/body/1/gyro/5/ -0.9992296 0.01158097 0.03005131 -0.02242817 177.3865 -3.413228 -1.124072 0.1068115 0.8087158 0.5645752
3749	/body/1/gyro/6/ -0.7292122 -0.2190341 0.1787616 0.6231517 -99.17581 0.7031845 -35.36875 -0.5645752 1.296997 1.739502
3750	/body/1/gyro/1/ 0.01244465 -0.0972697 -0.06816494 0.992843 2.217187 11.03745 5.539355 -4.943848 1.068115 -1.449585
3750	/body/1/gyro/2/ -0.03884349 0.1653662 0.5337884 -0.8283811 14.34046 13.44454 64.7625 -1.678467 0.06103516 1.403809
3750	/body/1/gyro/3/ -0.3520842 -0.6045751 -0.5359836 -0.4724905 88.77042 -11.17984 -110.679 -0.07629395 0.09155273 0.6103516
3750	/body/1/gyro/4/ 0.8283204 -0.3358529 -0.3583413 0.2695915 131.0166 -24.36554 52.84542 -2.044678 0.1068115 1.113892
3751	/body/1/gyro/5/ -0.9990294 0.01035324 0.03205954 -0.02837629 176.705 -3.638967 -1.237795 0.1373291 0.869751 0.6408691
3752	/body/1/gyro/6/ -0.7292654 -0.2198601 0.1791163 0.6226965 -99.22695 0.7199732 -35.47173 -0.9613037 1.281738 1.647949
3753	/body/1/gyro/1/ -0.01277854 -0.09787736 -0.06785025 0.9928006 -0.7064993 11.30779 5.219344 -4.928589 1.083374 -1.449585
3753	/body/1/gyro/2/ -0.03924999 0.1654104 0.5336021 -0.8284731 14.37983 13.42594 64.74082 -1.647949 0.09155273 1.358032
3753	/body/1/gyro/3/ -0.3520196 -0.6045215 -0.5360779 -0.4725002 88.75755 -11.17774 -110.6834 -0.07629395 0.1373291 0.5645752
3753	/body/1/gyro/4/ 0.8282192 -0.3358449 -0.358409 0.2698223 130.985 -24.35856 52.8542 -2.090454 0.07629395 1.174927
3753	/body/1/gyro/5/ -0.9991801 0.008841194 0.0303397 -0.02530475 177.0653 -3.450271 -1.427662 0.07629395 0.8544922 0.5493164
3753	/body/1/gyro/6/ -0.7292885 -0.2204334 0.1795022 0.6223555 -99.26018 0.7195486 -35.554 -0.213623 1.281738 1.77002
3755	/body/1/gyro/1/ 0.008041164 -0.09696484 -0.06538291 0.9931054 1.672795 11.04274 5.165186 -4.959106 1.113892 -1.403809
3755	/body/1/gyro/2/ -0.03946255 0.1652613 0.5334539 -0.8285881 14.38762 13.40096 64.71684 -1.556396 0.04577637 1.312256
3756	/body/1/gyro/3/ -0.3520053 -0.6046497 -0.5359337 -0.4725103 88.77442 -11.19235 -110.6844 -0.06103516 0.1831055 0.6561279
3757	/body/1/gyro/4/ 0.8282709 -0.3359206 -0.3582013 0.2698454 130.9987 -24.3357 52.84636 -2.120972 0.1068115 1.113892
3757	/body/1/gyro/5/ -0.9990261 0.01187423 0.03245256 -0.02743452 176.8069 -3.680369 -1.065436 0.1525879 1.022339 0.5340576
3757	/body/1/gyro/6/ -0.7290416 -0.2209687 0.1798072 0.6223669 -99.24584 0.7376126 -35.62631 -0.3814697 1.281738 1.708984
