734	/body/1/gyro/2/ 0.01188299 -0.005778847 -0.2347425 0.9719678 1.479155 0.3239991 24.62949 -1.495361 0.1220703 1.205444
734	/body/1/gyro/3/ 0.01526576 -0.008242663 -0.0424757 0.9989468 1.788101 0.8692743 2.353121 -1.861572 -0.2288818 1.998901
734	/body/1/gyro/4/ -0.6907272 0.4184618 0.5544868 0.2008233 148.489 -69.07874 81.86632 -1.174927 5.310059 -6.393433
734	/body/1/gyro/5/ 0.003486237 -0.03317153 -0.03211097 0.9989276 0.5222721 3.787029 1.169595 -4.928589 1.464844 -0.793457
734	/body/1/gyro/6/ 0.5858402 -0.2864057 -0.4173359 -0.6329248 -73.42983 -58.37856 -24.09464 1.144409 13.1073 -5.355835
739	/body/1/gyro/1/ 0.001712263 -0.007803557 -0.2483733 0.9686314 0.4122023 0.8174656 26.23642 -4.852295 1.083374 -1.403809
740	/body/1/gyro/2/ 0.0123417 -0.006028374 -0.2323405 0.9725375 1.536128 0.3432431 24.347 -1.464844 0.06103516 1.235962
740	/body/1/gyro/3/ 0.0204271 -0.007480517 -0.06229646 0.9978206 2.389949 0.7095321 4.629767 -1.846313 -0.3204346 1.922607
740	/body/1/gyro/4/ -0.6873451 0.4141244 0.5627196 0.1985053 146.1359 -69.71453 83.55102 -3.112793 8.560181 -3.540039
740	/body/1/gyro/5/ -0.0001982526 -0.03045017 -0.02826389 0.9991366 0.07606466 3.489118 0.7130542 -4.837036 1.464844 -0.8544922
740	/body/1/gyro/6/ 0.5806901 -0.2857404 -0.4200072 -0.636196 -71.97715 -58.36012 -25.24448 1.296997 7.553101 -6.378174
741	/body/1/gyro/1/ -0.01119008 -0.007706355 -0.2504453 0.9680354 -1.020406 1.176082 26.47 -4.806519 1.083374 -1.281738
741	/body/1/gyro/2/ -0.006342665 -0.01085358 -0.2384342 0.9710773 -0.4093694 1.381188 25.05558 -1.480103 0.03051758 1.251221
741	/body/1/gyro/3/ -0.001554699 -0.01128971 -0.06919881 0.9975378 -0.08821668 1.302961 5.405455 -1.89209 -0.3051758 2.029419
741	/body/1/gyro/4/ -0.6844487 0.4118479 0.5682209 0.197576 144.4197 -70.14895 84.93613 -5.508423 15.13672 -4.180908
741	/body/1/gyro/5/ 0.007111375 -0.04993673 -0.02807091 0.9983325 0.9790628 5.699306 0.739949 -4.882812 1.449585 -0.7629395
742	/body/1/gyro/6/ 0.5754225 -0.2882486 -0.4229864 -0.6378748 -70.7081 -58.70728 -26.12394 9.262085 7.202148 -11.2915
743	/body/1/gyro/1/ -0.0005916265 -0.007944674 -0.2468988 0.9690085 0.1591003 0.8989537 26.06032 -4.989624 1.083374 -1.38855
743	/body/1/gyro/2/ 0.008917594 -0.008038158 -0.2360113 0.9716761 1.210498 0.6538544 24.7814 -1.434326 0.1831055 1.12915
743	/body/1/gyro/3/ -0.00336023 -0.01056191 -0.09222058 0.9956769 -0.2718391 1.24068 8.050447 -1.89209 -0.1983643 1.937866
743	/body/1/gyro/4/ -0.6839861 0.4106495 0.5698755 0.1969056 143.9486 -70.26972 85.22615 -0.2288818 4.837036 -0.7019043
743	/body/1/gyro/5/ -0.005479855 -0.03255834 -0.03573517 0.9988158 -0.4949436 3.751612 1.551846 -4.867554 1.434326 -0.7324219
743	/body/1/gyro/6/ 0.5732713 -0.2911589 -0.4228115 -0.6386055 -70.38701 -58.9417 -26.0875 6.790161 6.896973 -9.44519
745	/body/1/gyro/1/ -0.01334405 -0.009138118 -0.2514791 0.9677276 -1.216884 1.398036 26.58915 -4.898071 1.00708 -1.434326
745	/body/1/gyro/2/ -0.008444539 -0.01073842 -0.2411422 0.9703937 -0.6425033 1.427595 25.37257 -1.464844 0.1373291 1.235962
745	/body/1/gyro/3/ 0.004163813 -0.01027601 -0.1141622 0.9934003 0.6085466 1.115372 10.58734 -1.846313 -0.2746582 1.968384
746	/body/1/gyro/4/ -0.6821178 0.406661 0.5745488 0.1980802 142.9791 -70.89545 85.88711 -4.455566 16.18958 1.846313
746	/body/1/gyro/5/ 0.01146685 -0.04467592 -0.0350726 0.9983198 1.497382 5.071415 1.560449 -4.943848 1.525879 -0.7781982
746	/body/1/gyro/6/ 0.5689924 -0.2893559 -0.4258021 -0.6412592 -69.05064 -58.8328 -27.29761 1.983643 16.41846 -17.53235
747	/body/1/gyro/1/ -0.0001727216 -0.006954333 -0.2489385 0.9684943 0.1792289 0.7767516 26.30133 -4.928589 1.083374 -1.419067
748	/body/1/gyro/2/ 0.01055416 -0.006673721 -0.2315384 0.9727456 1.353695 0.4638877 24.25293 -1.464844 0.1373291 1.327515
749	/body/1/gyro/3/ 0.008219411 -0.009410718 -0.1343272 0.9908583 1.078331 0.9420535 12.91952 -1.861572 -0.3204346 2.01416
749	/body/1/gyro/4/ -0.6768873 0.3999629 0.584519 0.2004765 140.3004 -72.11471 88.07925 -13.71765 34.74426 1.068115
749	/body/1/gyro/5/ -0.01080094 -0.0334514 -0.03945523 0.9986029 -1.087283 3.879691 1.958381 -4.928589 1.434326 -0.7324219
749	/body/1/gyro/6/ 0.5651157 -0.3014247 -0.4338514 -0.6336879 -68.44801 -60.73532 -27.86391 2.716064 5.157471 -33.98132
750	/body/1/gyro/1/ -0.01373773 -0.0100018 -0.2526315 0.9674134 -1.233904 1.506647 26.72466 -4.91333 1.052856 -1.38855
750	/body/1/gyro/2/ -0.00669595 -0.01214263 -0.228691 0.9734003 -0.4288358 1.530087 23.9069 -1.480103 0.09155273 1.235962
750	/body/1/gyro/3/ 0.02051591 -0.008148159 -0.1145801 0.9931687 2.442776 0.6579742 10.64606 -1.846313 -0.3051758 1.937866
751	/body/1/gyro/4/ -0.6697994 0.3914707 0.5980695 0.2010778 135.6931 -73.45682 91.87566 -23.72742 44.64722 -2.944946
751	/body/1/gyro/5/ 0.008543374 -0.04005583 -0.03244308 0.998634 1.130223 4.556831 1.236449 -4.928589 1.38855 -0.7324219
751	/body/1/gyro/6/ 0.5499574 -0.297048 -0.4569616 -0.6328471 -62.75683 -61.47284 -34.32789 -23.80371 39.36768 -48.88916
752	/body/1/gyro/1/ 0.003208864 -0.005392028 -0.2439575 0.9697657 0.5073545 0.5095011 25.71328 -4.882812 1.052856 -1.358032
752	/body/1/gyro/2/ 0.01212665 -0.005365402 -0.221734 0.975017 1.491411 0.2913467 23.09788 -1.541138 0.1220703 1.358032
752	/body/1/gyro/3/ -0.0003453956 -0.01157983 -0.1052829 0.9943748 0.1003752 1.323771 9.558905 -1.861572 -0.2746582 1.937866
753	/body/1/gyro/4/ -0.6644239 0.3887452 0.6062428 0.1997188 131.9576 -73.92168 95.2115 -11.76453 25.48218 -13.19885
754	/body/1/gyro/5/ -0.01438648 -0.03614728 -0.03578275 0.998602 -1.50225 4.19913 1.519308 -4.882812 1.449585 -0.8392334
754	/body/1/gyro/6/ 0.5468168 -0.3000787 -0.4708975 -0.6238587 -60.9613 -62.79829 -37.09888 -22.64404 21.4386 -40.26794
755	/body/1/gyro/1/ -0.01363797 -0.008572689 -0.244645 0.9694789 -1.275221 1.334826 25.78061 -4.882812 1.083374 -1.449585
755	/body/1/gyro/2/ -0.007204382 -0.01094799 -0.2250103 0.9742683 -0.5221971 1.408167 23.47282 -1.541138 0.1068115 1.174927
755	/body/1/gyro/3/ 0.01957132 -0.007408693 -0.09630407 0.995132 2.314319 0.6288716 8.537895 -1.876831 -0.3204346 1.907349
755	/body/1/gyro/4/ -0.6620563 0.3882805 0.6101607 0.196529 129.8309 -73.8503 97.01343 -3.265381 4.730225 -7.171631
755	/body/1/gyro/5/ 0.007664798 -0.03825889 -0.03102823 0.9987566 1.01625 4.355636 1.067503 -4.91333 1.38855 -0.7324219
755	/body/1/gyro/6/ 0.5451002 -0.3026057 -0.4805122 -0.6167687 -59.7439 -63.78334 -39.03904 -19.8822 19.91272 -19.33289
757	/body/1/gyro/1/ 0.0007799613 -0.006389663 -0.2397483 0.9708138 0.2623324 0.6894199 25.21554 -4.898071 1.022339 -1.312256
757	/body/1/gyro/2/ -0.005252092 -0.01192135 -0.2379612 0.9711873 -0.2595155 1.470103 25.00153 -1.464844 0.1678467 1.220703
758	/body/1/gyro/3/ 7.147067e-05 -0.01107827 -0.1075062 0.9941427 0.1446538 1.261262 9.815516 -1.953125 -0.3051758 1.953125
758	/body/1/gyro/4/ -0.6530864 0.38287 0.6237559 0.1944664 123.1793 -74.50285 102.9518 -15.97595 28.44238 -11.44409
758	/body/1/gyro/5/ -0.01228789 -0.04003127 -0.04244339 0.9982209 -1.214965 4.643932 2.290123 -4.928589 1.464844 -0.7781982
758	/body/1/gyro/6/ 0.5386371 -0.2963024 -0.4929533 -0.6156883 -56.66147 -63.625 -42.91112 -24.58191 41.54968 -22.20154
760	/body/1/gyro/1/ -0.01308329 -0.01017534 -0.2419856 0.9701383 -1.172789 1.494151 25.46616 -4.867554 1.12915 -1.449585
761	/body/1/gyro/2/ -0.000388742 -0.008419333 -0.2472907 0.9689047 0.1954478 0.9458432 26.10714 -1.51062 0.1983643 1.281738
761	/body/1/gyro/3/ 0.01918172 -0.00772447 -0.1123234 0.9934565 2.283848 0.6324861 10.38391 -1.876831 -0.2593994 1.998901
761	/body/1/gyro/4/ -0.6408958 0.3774267 0.6409495 0.189698 113.8496 -74.74361 111.3523 -34.01184 74.73755 -22.1405
761	/body/1/gyro/5/ 0.005794739 -0.03851563 -0.03841516 0.9985025 0.8350563 4.385729 1.908458 -4.928589 1.419067 -0.7476807
761	/body/1/gyro/6/ 0.5299202 -0.2961164 -0.5017625 -0.6162257 -53.53983 -63.73244 -46.01595 -15.02991 31.52466 -21.37756
762	/body/1/gyro/1/ -0.01051472 -0.008868967 -0.2507421 0.9679562 -0.9117252 1.285969 26.50543 -4.943848 1.068115 -1.434326
762	/body/1/gyro/2/ -0.002232392 -0.01049036 -0.2540512 0.9671313 0.05800509 1.227679 26.9071 -1.571655 0.01525879 1.235962
762	/body/1/gyro/3/ -0.0005443429 -0.01153429 -0.1188668 0.992843 0.09520471 1.319804 11.12543 -1.89209 -0.2288818 1.907349
762	/body/1/gyro/4/ -0.6411601 0.3764837 0.641405 0.1891382 113.723 -74.77492 111.3428 3.509521 -11.04736 0.3051758
762	/body/1/gyro/5/ -0.01648974 -0.04165379 -0.04414496 0.9980202 -1.681401 4.85294 2.464118 -4.959106 1.51062 -0.6713867
762	/body/1/gyro/6/ 0.5289753 -0.2936764 -0.505716 -0.6149721 -52.85149 -63.66661 -47.10038 -19.14978 26.19934 -13.93127
764	/body/1/gyro/1/ -0.0082063 -0.008991661 -0.2568555 0.9663731 -0.6442589 1.237356 27.23242 -5.111694 1.083374 -1.449585
764	/body/1/gyro/2/ 0.01247854 -0.006390801 -0.2399766 0.9706774 1.563975 0.3677096 25.24812 -1.464844 0.07629395 1.205444
764	/body/1/gyro/3/ 0.01920857 -0.00836672 -0.1152819 0.9931118 2.297292 0.6984171 10.72669 -1.815796 -0.3051758 1.953125
764	/body/1/gyro/4/ -0.6342663 0.3765157 0.650444 0.1812866 108.7328 -74.07545 115.6768 -17.30347 16.34216 -27.74048
764	/body/1/gyro/5/ 0.00187236 -0.03899886 -0.03608157 0.9985859 0.3766425 4.45938 1.623363 -4.882812 1.434326 -0.7171631
764	/body/1/gyro/6/ 0.5204491 -0.2859203 -0.5215262 -0.612693 -49.03622 -63.2805 -51.94394 -40.71045 48.88916 -40.39001
766	/body/1/gyro/1/ -0.007593551 -0.007591173 -0.2612179 0.9652202 -0.6127815 1.066992 27.75076 -4.928589 1.098633 -1.449585
766	/body/1/gyro/2/ -0.00121467 -0.0109912 -0.2279765 0.9736038 0.1516561 1.258086 23.82924 -1.525879 0.1525879 1.312256
766	/body/1/gyro/3/ 0.01299579 -0.007878 -0.09357173 0.9954966 1.567307 0.7593613 8.219871 -2.01416 -0.3204346 1.983643
767	/body/1/gyro/4/ -0.6096722 0.362995 0.6828777 0.1738171 91.39897 -73.50664 131.1785 -57.26624 94.34509 -40.11536
767	/body/1/gyro/5/ 0.01398395 -0.03584922 -0.0208779 0.9990413 1.691191 4.074056 -0.07546496 -4.882812 1.464844 -0.6256104
767	/body/1/gyro/6/ 0.5193275 -0.2805088 -0.5361983 -0.6034112 -47.06564 -63.56622 -55.57731 -47.25647 35.61401 -62.19482
769	/body/1/gyro/1/ -0.003745801 -0.007385076 -0.2590049 0.9658405 -0.1954133 0.9285746 27.49152 -4.882812 1.098633 -1.342773
770	/body/1/gyro/2/ 0.01280912 -0.004193794 -0.216535 0.9761818 1.537107 0.1512935 22.48553 -1.51062 0.1525879 1.220703
770	/body/1/gyro/3/ 0.008875914 -0.01107342 -0.07301178 0.9972301 1.107242 1.191231 5.856342 -1.815796 -0.2441406 2.044678
770	/body/1/gyro/4/ -0.5823389 0.3504597 0.7158634 0.159997 76.43238 -71.06639 143.9674 -74.18823 101.9745 -50.32349
770	/body/1/gyro/5/ -0.00812988 -0.04140591 -0.03044001 0.9986455 -0.7886819 4.772215 0.9289536 -4.943848 1.434326 -0.8087158
770	/body/1/gyro/6/ 0.5125206 -0.2830607 -0.5603679 -0.5858217 -42.01704 -64.96459 -62.50816 -60.33325 37.61292 -80.41382
771	/body/1/gyro/1/ -0.006912347 -0.007992835 -0.2597381 0.9656213 -0.527071 1.090227 27.57576 -4.959106 1.022339 -1.373291
771	/body/1/gyro/2/ -0.004866284 -0.009865183 -0.227159 0.9737955 -0.2862937 1.227609 23.72828 -1.449585 0.1525879 1.251221
771	/body/1/gyro/3/ 0.002674132 0.0007961694 -0.08880533 0.9960451 0.2971209 -0.1180864 7.659499 -1.815796 -0.2441406 1.937866
771	/body/1/gyro/4/ -0.5645921 0.3416039 0.7355266 0.1534382 68.59237 -69.28882 150.568 -50.04883 71.0907 -37.67395
771	/body/1/gyro/5/ 0.009331515 -0.03453565 -0.02912613 0.9989354 1.186308 3.925206 0.8508723 -4.959106 1.541138 -0.793457
771	/body/1/gyro/6/ 0.500975 -0.2838674 -0.5848591 -0.5712996 -35.50785 -65.55324 -70.57656 -68.58826 39.21509 -87.43286
773	/body/1/gyro/1/ -0.005972546 -0.007888116 -0.2586879 0.9659103 -0.427317 1.050203 27.45203 -4.91333 1.052856 -1.434326
773	/body/1/gyro/2/ -0.003491055 -0.01074388 -0.2387694 0.9710106 -0.09450953 1.291095 25.09858 -1.464844 0.1068115 1.144409
773	/body/1/gyro/3/ 0.01684665 -0.01229808 -0.0799062 0.9965841 2.037413 1.250283 6.66058 -1.815796 -0.1831055 1.861572
773	/body/1/gyro/4/ -0.5321148 0.3304708 0.7669889 0.1391794 59.0367 -65.2635 158.185 -66.3147 86.88354 -55.06897
773	/body/1/gyro/5/ -0.009414484 -0.04491437 -0.03931729 0.9981725 -0.8781203 5.1869 1.941571 -4.867554 1.449585 -0.7324219
773	/body/1/gyro/6/ 0.4985035 -0.2825563 -0.6109395 -0.5462684 -30.14651 -66.60858 -78.85933 -70.12939 53.35999 -105.1941
775	/body/1/gyro/1/ -0.0006054765 -0.007496507 -0.250965 0.967967 0.1484446 0.8489626 26.54118 -4.959106 1.083374 -1.419067
775	/body/1/gyro/2/ -0.0003266385 -0.007550512 -0.2467919 0.969039 0.1772791 0.8477052 26.04766 -1.495361 0.1983643 1.281738
775	/body/1/gyro/3/ -0.003553092 -0.004579777 -0.0748018 0.9971816 -0.3667702 0.5537892 6.04804 -1.831055 -0.2746582 2.029419
775	/body/1/gyro/4/ -0.5042323 0.3165689 0.7933444 0.1270381 52.12149 -61.70181 163.0969 -72.90649 95.00122 -45.89844
775	/body/1/gyro/5/ 0.007467867 -0.03498555 -0.03703091 0.9986736 1.005549 3.97523 1.752017 -4.821777 1.449585 -0.7781982
775	/body/1/gyro/6/ 0.4746099 -0.2666052 -0.6469773 -0.5339359 -21.66957 -64.00388 -89.82518 -94.28406 75.94299 -81.49719
778	/body/1/gyro/1/ -0.011378 -0.008769257 -0.2509839 0.9678847 -1.010053 1.299961 26.53309 -4.882812 0.9613037 -1.403809
779	/body/1/gyro/2/ -0.006950915 -0.01083926 -0.255978 0.9665968 -0.4521034 1.404629 27.13006 -1.464844 0.1678467 1.266479
779	/body/1/gyro/3/ 0.01573314 -0.01145559 -0.07006534 0.9973525 1.890833 1.183004 5.526527 -1.861572 -0.1220703 1.983643
779	/body/1/gyro/4/ -0.4780763 0.3012784 0.8165827 0.1177585 46.39914 -58.40077 166.9408 -71.38062 87.66174 -33.99658
779	/body/1/gyro/5/ -0.01298109 -0.04739211 -0.04186925 0.9979141 -1.262934 5.490087 2.214517 -4.882812 1.419067 -0.7171631
779	/body/1/gyro/6/ 0.4616484 -0.2659041 -0.6591262 -0.530781 -17.88728 -62.97933 -93.82967 -43.77747 29.66309 -70.44983
780	/body/1/gyro/1/ 0.0002838517 -0.005646686 -0.2466803 0.9690804 0.1911504 0.6190439 26.03381 -4.974365 1.022339 -1.434326
780	/body/1/gyro/2/ 0.006220253 -0.008551984 -0.2581528 0.9660462 0.9416984 0.7627251 27.39895 -1.51062 0.1068115 1.266479
780	/body/1/gyro/3/ -0.0008325045 -0.01057767 -0.08715287 0.9961385 0.01061177 1.215836 7.470345 -1.815796 -0.3509521 1.953125
780	/body/1/gyro/4/ -0.4542052 0.2878746 0.8365183 0.1051809 42.47817 -55.13084 168.8653 -74.85962 69.87 -40.57312
780	/body/1/gyro/5/ 0.003893495 -0.03896038 -0.03207326 0.9987183 0.5905718 4.448968 1.171718 -4.989624 1.419067 -0.8087158
780	/body/1/gyro/6/ 0.451443 -0.2760444 -0.6722603 -0.5177497 -12.34804 -63.22956 -99.7065 -41.88538 24.50562 -87.44812
782	/body/1/gyro/1/ -0.01277745 -0.01007708 -0.2494337 0.9682551 -1.130127 1.483475 26.34729 -4.943848 1.12915 -1.373291
782	/body/1/gyro/2/ -0.006662594 -0.01007445 -0.2641765 0.9643987 -0.4314363 1.315155 28.1034 -1.525879 0.09155273 1.312256
782	/body/1/gyro/3/ 0.01555233 -0.009592094 -0.0997913 0.9948406 1.883238 0.9156963 8.941276 -1.785278 -0.289917 1.937866
782	/body/1/gyro/4/ -0.428065 0.2743401 0.8549066 0.1031147 38.25202 -52.04445 172.0061 -54.33655 80.26123 -27.37427
782	/body/1/gyro/5/ -0.000891578 -0.03289468 -0.01239943 0.9993815 -0.05548522 3.771111 -1.110151 -4.898071 1.419067 -0.7781982
783	/body/1/gyro/6/ 0.4433229 -0.276213 -0.6837928 -0.5095082 -9.251721 -62.59155 -103.517 -61.87439 29.75464 -70.86182
784	/body/1/gyro/1/ -0.01149175 -0.00997121 -0.2589365 0.9657745 -0.9762802 1.444645 27.47517 -4.898071 1.068115 -1.342773
785	/body/1/gyro/2/ 0.008447506 -0.008544955 -0.262854 0.9647608 1.191454 0.690245 27.95838 -1.464844 0.1525879 1.342773
785	/body/1/gyro/3/ -0.004240275 -0.0109981 -0.1090008 0.9939718 -0.3456899 1.305769 9.98237 -1.907349 -0.2441406 2.01416
785	/body/1/gyro/4/ -0.4003321 0.258951 0.8734144 0.09912588 34.36871 -48.64663 174.5049 -65.61279 81.604 -32.82166
785	/body/1/gyro/5/ 0.002114998 -0.04901609 -0.02750347 0.998417 0.398371 5.610234 0.6453838 -4.943848 1.464844 -0.7781982
785	/body/1/gyro/6/ 0.4336787 -0.2778138 -0.6971562 -0.4987138 -5.499729 -61.85817 -108.0766 -60.15015 37.03308 -71.91467
787	/body/1/gyro/1/ -0.009800286 -0.008078404 -0.2652511 0.9640957 -0.8373716 1.19045 28.22759 -4.898071 1.052856 -1.403809
788	/body/1/gyro/2/ -0.005561083 -0.008892842 -0.2640048 0.9644644 -0.3456471 1.151148 28.0839 -1.541138 0.1373291 1.235962
788	/body/1/gyro/3/ 0.01646556 -0.006468936 -0.1049023 0.9943252 1.954335 0.5391556 9.524164 -1.846313 -0.1678467 2.01416
788	/body/1/gyro/4/ -0.3779965 0.2527201 0.8861972 0.08891438 32.98777 -45.63498 174.7269 -56.96106 64.77356 -48.06519
788	/body/1/gyro/5/ -0.0006598286 -0.02869753 -0.03351982 0.9990258 0.03474991 3.289633 1.314391 -4.867554 1.541138 -0.8087158
788	/body/1/gyro/6/ 0.4192441 -0.2813645 -0.7130994 -0.486372 -0.7639251 -60.64756 -113.491 -53.42102 54.9469 -74.93591
789	/body/1/gyro/1/ -0.007653088 -0.008724415 -0.2693485 0.9629728 -0.5753632 1.199027 28.71715 -4.928589 1.022339 -1.373291
789	/body/1/gyro/2/ 0.008091551 -0.008953862 -0.2600028 0.9655324 1.162216 0.7496127 27.6203 -1.525879 0.1678467 1.205444
789	/body/1/gyro/3/ -0.002723679 -0.01493921 -0.1059399 0.9942566 -0.129018 1.735405 9.632095 -1.907349 -0.2288818 1.861572
789	/body/1/gyro/4/ -0.360306 0.2452469 0.895925 0.08574341 31.34391 -43.44603 175.6476 -46.05103 47.86682 -32.45544
790	/body/1/gyro/5/ 0.00360453 -0.04832833 -0.033791 0.9982532 0.6022694 5.522936 1.376509 -4.91333 1.403809 -0.8392334
790	/body/1/gyro/6/ 0.3954194 -0.2528339 -0.748459 -0.4685378 0.812483 -55.97924 -118.8684 -119.6747 78.91846 -98.06824
794	/body/1/gyro/1/ 0.003028529 -0.005493315 -0.2568583 0.9664287 0.4971088 0.5192209 27.2403 -4.974365 1.098633 -1.449585
796	/body/1/gyro/1/ 0.001051417 -0.004956377 -0.2504298 0.9681215 0.258888 0.5196878 26.47744 -4.959106 1.052856 -1.403809
796	/body/1/gyro/2/ -0.004657651 -0.01036802 -0.254308 0.9670565 -0.2140589 1.284787 26.93471 -1.541138 0.1678467 1.144409
796	/body/1/gyro/3/ 0.01621751 -0.009207744 -0.09891056 0.9949216 1.953917 0.86599 8.839628 -1.846313 -0.2746582 2.029419
796	/body/1/gyro/4/ -0.3104394 0.2231437 0.922999 0.04367024 28.53602 -36.33888 173.346 -54.6875 35.09521 -54.99268
796	/body/1/gyro/5/ -0.00120632 -0.02494373 -0.03671607 0.9990137 -0.03319213 2.861787 1.678782 -4.852295 1.495361 -0.7476807
796	/body/1/gyro/6/ 0.3463425 -0.2645177 -0.7767954 -0.4546054 8.804419 -51.13047 -126.0732 -37.23145 38.89465 -65.61279
798	/body/1/gyro/1/ -0.01385244 -0.01063807 -0.2568584 0.9662912 -1.221305 1.585873 27.2252 -4.882812 1.12915 -1.373291
798	/body/1/gyro/2/ 0.012266 -0.007640771 -0.2469227 0.9689274 1.578363 0.5012983 26.07093 -1.571655 0.1983643 1.266479
798	/body/1/gyro/3/ -0.006124644 -0.006883539 -0.1020862 0.9947329 -0.6176917 0.8563201 9.184514 -1.861572 -0.1678467 1.937866
798	/body/1/gyro/4/ -0.2939057 0.2261952 0.9281715 0.03087032 28.99549 -34.02504 172.2326 -38.07068 26.87073 -68.89343
799	/body/1/gyro/5/ 0.0009461735 -0.04871386 -0.03527451 0.9981893 0.3065891 5.577067 1.532742 -4.898071 1.495361 -0.8544922
799	/body/1/gyro/6/ 0.3377611 -0.2629799 -0.7834273 -0.4505559 9.647404 -50.01358 -127.2312 -52.97852 38.63525 -60.01282
801	/body/1/gyro/1/ -0.002078427 -0.005989816 -0.256162 0.9666131 -0.05439766 0.7244956 27.15517 -4.867554 1.037598 -1.419067
801	/body/1/gyro/2/ -0.007518754 -0.01091064 -0.250083 0.9681337 -0.5216283 1.426041 26.43096 -1.480103 0.1678467 1.205444
801	/body/1/gyro/3/ 0.01557828 -0.01058058 -0.09650412 0.9951544 1.894149 1.034353 8.564866 -1.876831 -0.289917 1.89209
801	/body/1/gyro/4/ -0.2609041 0.2242762 0.938817 0.01587454 28.40772 -29.80191 171.7011 -61.50818 74.96643 -78.99475
801	/body/1/gyro/5/ 0.001369708 -0.02705358 -0.03539761 0.9990062 0.2669273 3.092977 1.535811 -4.867554 1.464844 -0.7781982
801	/body/1/gyro/6/ 0.3280264 -0.243961 -0.8047972 -0.4303291 9.411992 -47.55763 -130.4173 -122.8485 41.44287 -103.3478
803	/body/1/gyro/1/ -0.01073752 -0.009492821 -0.2601272 0.965468 -0.9052708 1.370432 27.61756 -4.959106 1.00708 -1.342773
804	/body/1/gyro/2/ 0.009236802 -0.007689308 -0.2451815 0.9694027 1.242275 0.5946656 25.86367 -1.480103 0.1831055 1.190186
805	/body/1/gyro/3/ -0.001936695 -0.01121951 -0.1107307 0.9937852 -0.07820773 1.302357 10.18482 -1.831055 -0.3051758 1.937866
805	/body/1/gyro/4/ -0.2268412 0.223366 0.9479713 0.001084267 27.94757 -25.50324 171.1547 -51.62048 66.48254 -88.18054
805	/body/1/gyro/5/ 0.003296622 -0.0496464 -0.03806965 0.9980356 0.5965356 5.672765 1.868484 -4.882812 1.419067 -0.8087158
805	/body/1/gyro/6/ 0.3183885 -0.2403051 -0.8142753 -0.4217083 10.21189 -46.15274 -132.1315 -59.31091 43.16711 -79.40674
806	/body/1/gyro/1/ 0.003392266 -0.005942551 -0.2513075 0.9678831 0.547407 0.5614151 26.58318 -4.989624 1.068115 -1.373291
807	/body/1/gyro/2/ -0.007986589 -0.01005904 -0.2484621 0.9685565 -0.6001974 1.343951 26.23844 -1.602173 0.2288818 1.220703
807	/body/1/gyro/3/ 0.01874238 -0.00977617 -0.1096484 0.9937456 2.25797 0.8778005 10.08022 -1.861572 -0.213623 1.907349
807	/body/1/gyro/4/ -0.1910504 0.2088475 0.9591045 -0.0009931421 25.52474 -21.47281 172.433 -84.6405 102.4323 -49.97253
807	/body/1/gyro/5/ 0.0005544994 -0.02896539 -0.03906003 0.9988168 0.1934374 3.314628 1.954567 -4.91333 1.434326 -0.6561279
807	/body/1/gyro/6/ 0.2942473 -0.2125251 -0.8345966 -0.4143672 8.562502 -41.85767 -133.0022 -91.91895 89.20288 -90.7135
808	/body/1/gyro/1/ -0.01217794 -0.009113093 -0.2517287 0.9676783 -1.087881 1.361944 26.62018 -4.928589 1.113892 -1.373291
808	/body/1/gyro/2/ 0.00958992 -0.00723565 -0.2439254 0.9697196 1.268056 0.5359899 25.71469 -1.525879 0.07629395 1.251221
808	/body/1/gyro/3/ -0.002107658 -0.012027 -0.116918 0.9930665 -0.07873313 1.397014 10.89857 -1.861572 -0.213623 1.907349
808	/body/1/gyro/4/ -0.1621626 0.2011313 0.9660361 -0.004864587 24.24168 -18.14079 172.9657 -55.93872 58.95996 -55.45044
808	/body/1/gyro/5/ 0.002205073 -0.05208646 -0.03841116 0.9979011 0.4840355 5.957163 1.903862 -4.867554 1.403809 -0.7476807
808	/body/1/gyro/6/ 0.268521 -0.2310071 -0.839852 -0.4113159 12.5777 -39.87162 -134.9215 11.24573 41.70227 -83.78601
810	/body/1/gyro/1/ 0.001520104 -0.007342075 -0.2461888 0.9691929 0.3759902 0.7725601 25.97756 -4.821777 1.098633 -1.38855
811	/body/1/gyro/2/ -0.00682759 -0.01001535 -0.2477932 0.9687371 -0.473667 1.305777 26.16069 -1.464844 0.1525879 1.12915
811	/body/1/gyro/3/ 0.01548136 -0.01014314 -0.1029977 0.9945094 1.88462 0.9732617 9.311678 -1.785278 -0.2441406 1.937866
812	/body/1/gyro/4/ -0.1333181 0.1965187 0.9712305 0.01783346 23.02052 -15.42486 176.4145 -31.75354 84.41162 15.97595
812	/body/1/gyro/5/ 0.0002559552 -0.03070479 -0.03636434 0.9988667 0.157542 3.515662 1.644767 -4.821777 1.525879 -0.7324219
812	/body/1/gyro/6/ 0.248276 -0.2274762 -0.8483719 -0.408508 13.32387 -37.38101 -135.632 -34.59167 40.40527 -77.91138
813	/body/1/gyro/1/ -0.01306739 -0.008910213 -0.2549038 0.966837 -1.187913 1.369001 26.99536 -4.852295 1.052856 -1.419067
813	/body/1/gyro/2/ 0.01061805 -0.006479234 -0.2435939 0.9697976 1.361016 0.4236549 25.67476 -1.495361 0.1678467 1.220703
813	/body/1/gyro/3/ 0.005920573 -0.009557747 -0.08329567 0.9964615 0.7674236 1.034906 7.033589 -1.861572 -0.213623 2.090454
813	/body/1/gyro/4/ -0.1093888 0.1976591 0.9733059 0.04050286 22.71587 -13.23521 179.5659 -13.50403 82.27539 15.44189
813	/body/1/gyro/5/ 0.004856147 -0.05095574 -0.03525461 0.9980667 0.7652172 5.818185 1.55491 -4.882812 1.480103 -0.7324219
813	/body/1/gyro/6/ 0.2306217 -0.2155489 -0.8589957 -0.4030864 12.96826 -34.74854 -136.3264 -49.42322 43.15186 -86.47156
815	/body/1/gyro/1/ -0.00612875 -0.008977484 -0.2574386 0.9662335 -0.4138409 1.174889 27.30383 -5.020142 1.022339 -1.342773
815	/body/1/gyro/2/ -0.004570588 -0.0107571 -0.2472295 0.9688864 -0.2027566 1.323924 26.09691 -1.464844 0.1525879 1.251221
815	/body/1/gyro/3/ 0.02290322 -0.007995269 -0.07669891 0.9967591 2.687474 0.7119419 6.286983 -1.876831 -0.213623 1.907349
815	/body/1/gyro/4/ -0.08930688 0.1973785 0.9735594 0.07244363 22.28637 -11.68253 -176.3277 17.47131 44.78455 34.25598
815	/body/1/gyro/5/ -0.002736148 -0.03163636 -0.03613013 0.9988425 -0.182563 3.63483 1.607406 -4.898071 1.495361 -0.7019043
815	/body/1/gyro/6/ 0.2226584 -0.2090932 -0.86105 -0.4065662 12.41274 -33.60474 -135.7405 -49.02649 25.48218 -46.82922
817	/body/1/gyro/1/ -0.008645312 -0.006969608 -0.2614031 0.9651659 -0.7475405 1.02986 27.77186 -4.928589 1.083374 -1.480103
818	/body/1/gyro/2/ 0.01230762 -0.0047987 -0.2368314 0.9714609 1.500512 0.2001825 24.87426 -1.449585 0.1373291 1.098633
818	/body/1/gyro/3/ 0.0001493559 -0.009895912 -0.08330325 0.9964751 0.1115412 1.128638 7.028492 -1.831055 -0.2288818 1.907349
818	/body/1/gyro/4/ -0.08636048 0.2161018 0.9686934 0.08645812 24.36024 -11.81084 -174.8874 32.547 3.005981 -5.767822
818	/body/1/gyro/5/ 0.009709603 -0.04633978 -0.02638951 0.9985299 1.256568 5.280451 0.5557096 -4.959106 1.434326 -0.7324219
818	/body/1/gyro/6/ 0.200434 -0.2076082 -0.8661008 -0.4081597 13.2337 -31.10892 -135.7634 -21.57593 40.08484 -61.61499
820	/body/1/gyro/1/ -0.003831485 -0.00813988 -0.2625493 0.9648767 -0.1787672 1.015327 27.91244 -4.882812 1.052856 -1.38855
821	/body/1/gyro/2/ -0.006082783 -0.009520913 -0.237363 0.9713553 -0.4182017 1.225308 24.92922 -1.449585 0.1525879 1.235962
821	/body/1/gyro/3/ 0.004251851 -0.01120679 -0.1061513 0.9942777 0.6209123 1.225229 9.664523 -1.831055 -0.3051758 1.983643
821	/body/1/gyro/4/ -0.08172496 0.2207678 0.9673817 0.09356971 24.85242 -11.50379 -174.0235 -11.90186 8.499146 -21.1792
821	/body/1/gyro/5/ -0.008312429 -0.03242965 -0.02853489 0.999032 -0.8474097 3.742408 0.7144511 -4.91333 1.434326 -0.8239746
821	/body/1/gyro/6/ 0.194751 -0.2084434 -0.8660814 -0.4105198 13.50999 -30.56269 -135.5155 -21.45386 17.76123 -58.27332
822	/body/1/gyro/1/ -0.009226343 -0.008077298 -0.2633636 0.9646187 -0.776273 1.171367 28.00389 -4.806519 1.052856 -1.281738
822	/body/1/gyro/2/ 0.01184429 -0.007256814 -0.2301223 0.9730626 1.512289 0.4968409 24.08772 -1.495361 0.1831055 1.296997
822	/body/1/gyro/3/ 0.01295386 -0.009056933 -0.1231583 0.9922612 1.601118 0.8470306 11.63244 -1.89209 -0.1983643 1.846313
822	/body/1/gyro/4/ -0.06467725 0.2709292 0.9526523 0.1219334 30.64017 -10.91197 -170.94 114.4562 5.996704 73.33374
822	/body/1/gyro/5/ 0.009820115 -0.04455687 -0.02482523 0.9986501 1.255564 5.077657 0.3736947 -4.91333 1.480103 -0.869751
822	/body/1/gyro/6/ 0.1872608 -0.1919444 -0.879746 -0.3926038 12.55581 -28.69846 -137.6545 -81.83289 20.79773 -110.8856
824	/body/1/gyro/1/ -0.003253235 -0.007173893 -0.2616009 0.965144 -0.1447631 0.8909726 27.79999 -4.928589 1.098633 -1.38855
824	/body/1/gyro/2/ -0.005896156 -0.01114372 -0.2406777 0.9705232 -0.3485005 1.402089 25.32107 -1.51062 0.04577637 1.251221
825	/body/1/gyro/3/ -0.00790036 -0.01303702 -0.1234976 0.9922278 -0.7140762 1.594331 11.64973 -1.815796 -0.1678467 2.090454
825	/body/1/gyro/4/ -0.01438634 0.3079688 0.9309177 0.195807 35.03121 -8.475697 -161.4527 149.9634 239.4104 139.8163
825	/body/1/gyro/5/ -0.008828217 -0.03467516 -0.0347936 0.9987538 -0.8742978 4.006993 1.429829 -4.852295 1.464844 -0.7019043
825	/body/1/gyro/6/ 0.1883917 -0.1905825 -0.8807938 -0.3903707 12.42276 -28.72878 -137.9169 -30.89905 -4.150391 -67.85583
827	/body/1/gyro/1/ -0.01035567 -0.007483078 -0.2632561 0.9646414 -0.9191926 1.139651 27.99013 -4.882812 0.9765625 -1.281738
828	/body/1/gyro/2/ 0.0005354434 -0.009230658 -0.2478677 0.9687498 0.3216749 1.009544 26.17683 -1.449585 0.09155273 1.220703
828	/body/1/gyro/3/ 0.009629013 -0.01083541 -0.1087848 0.9939596 1.232139 1.114183 9.973844 -1.815796 -0.213623 1.89209
828	/body/1/gyro/4/ 0.03970228 0.2792446 0.9351738 0.2142338 32.67356 -2.601561 -157.4868 13.25989 167.5568 -3.875732
828	/body/1/gyro/5/ 0.009400019 -0.04390661 -0.03255299 0.9984609 1.244112 4.994843 1.25899 -4.974365 1.495361 -0.793457
828	/body/1/gyro/6/ 0.174791 -0.1997911 -0.8821641 -0.3889964 14.14573 -27.63418 -138.4349 7.278442 4.104614 -72.26562
829	/body/1/gyro/1/ 0.0006638539 -0.007765347 -0.2588083 0.9658973 0.3038106 0.8398391 27.47188 -4.943848 1.083374 -1.373291
829	/body/1/gyro/2/ -0.003677214 -0.01001477 -0.2542358 0.9670834 -0.1157704 1.217054 26.9271 -1.541138 0.04577637 1.251221
829	/body/1/gyro/3/ 0.01807881 -0.008754251 -0.08954019 0.9957806 2.153485 0.8134593 7.761679 -1.907349 -0.1983643 1.998901
829	/body/1/gyro/4/ 0.04685916 0.255846 0.937114 0.2327323 30.10394 -1.791502 -155.1173 -17.33398 65.07874 -1.77002
829	/body/1/gyro/5/ -0.009249013 -0.03062833 -0.03740917 0.9987877 -0.929098 3.547407 1.731201 -4.867554 1.419067 -0.7629395
829	/body/1/gyro/6/ 0.1630614 -0.186342 -0.8938577 -0.3737728 13.53652 -25.51875 -140.2238 -79.75769 22.32361 -99.63989
831	/body/1/gyro/1/ -0.0109585 -0.00835938 -0.2605934 0.9653503 -0.9628897 1.252063 27.67297 -4.79126 1.144409 -1.312256
832	/body/1/gyro/2/ 0.008815807 -0.008527669 -0.2511878 0.9678606 1.223392 0.6920549 26.57525 -1.495361 0.1220703 1.327515
832	/body/1/gyro/3/ 0.0027227 -0.01036348 -0.07268835 0.9972972 0.3975624 1.161759 5.811334 -1.907349 -0.1831055 1.953125
832	/body/1/gyro/4/ 0.02314334 0.2217605 0.942383 0.2494012 25.49788 -3.841402 -153.7525 -130.2338 -41.10718 27.99988
832	/body/1/gyro/5/ 0.006691597 -0.04286421 -0.03189272 0.9985493 0.9257457 4.886217 1.168201 -4.806519 1.403809 -0.7171631
832	/body/1/gyro/6/ 0.1701225 -0.1722381 -0.899384 -0.3640065 11.89584 -25.5566 -141.168 -90.16418 -13.53455 -76.33972
834	/body/1/gyro/1/ -0.001254643 -0.005962931 -0.2571797 0.9663444 0.03680126 0.697297 27.27635 -4.989624 1.00708 -1.38855
834	/body/1/gyro/2/ -0.005786172 -0.008394505 -0.2547065 0.9669647 -0.3962063 1.099111 26.98016 -1.525879 0.1525879 1.205444
834	/body/1/gyro/3/ 0.009015962 -0.004748154 -0.09257184 0.9956539 1.079128 0.4460973 8.097916 -1.861572 -0.1678467 1.922607
834	/body/1/gyro/4/ 0.02672035 0.2195473 0.9450697 0.240683 25.37177 -3.163039 -154.6663 -30.96008 43.25867 -63.90381
834	/body/1/gyro/5/ -0.01080416 -0.02978162 -0.03285347 0.9989579 -1.126773 3.451928 1.203346 -4.867554 1.495361 -0.7781982
834	/body/1/gyro/6/ 0.1781604 -0.1545307 -0.8962241 -0.3757145 9.147593 -25.81471 -139.1418 -64.3158 -4.898071 -15.77759
836	/body/1/gyro/1/ -0.007135004 -0.01014721 -0.2514848 0.9677818 -0.4989874 1.331059 26.59728 -4.974365 1.12915 -1.373291
836	/body/1/gyro/2/ 0.008000832 -0.009266616 -0.251116 0.9678796 1.154223 0.7975637 26.56738 -1.525879 0.2441406 1.312256
836	/body/1/gyro/3/ 0.01028059 -0.02443805 -0.09348849 0.9952673 1.436016 2.67798 8.236012 -1.861572 -0.2593994 1.922607
836	/body/1/gyro/4/ 0.02429209 0.2338688 0.9397832 0.2480382 26.91991 -4.034562 -153.926 20.95032 6.652832 -7.705688
836	/body/1/gyro/5/ 0.004505404 -0.04150471 -0.02969217 0.9986869 0.6590905 4.73992 0.9032202 -4.91333 1.403809 -0.7781982
836	/body/1/gyro/6/ 0.1848655 -0.1355954 -0.8930093 -0.3872635 6.312472 -25.79774 -137.088 -92.92603 -12.5885 2.13623
838	/body/1/gyro/1/ -0.001925752 -0.004942626 -0.2470857 0.9689791 -0.07388831 0.6033503 26.08027 -4.943848 1.037598 -1.373291
838	/body/1/gyro/2/ -0.0005305686 -0.004806907 -0.2397773 0.9708159 0.07305577 0.549342 25.21747 -1.525879 0.1678467 1.251221
838	/body/1/gyro/3/ 0.007980419 -0.003126239 -0.09374964 0.9955589 0.9440656 0.2709177 8.231346 -1.968384 -0.2288818 1.968384
838	/body/1/gyro/4/ 0.04640826 0.2040178 0.9543551 0.2131415 24.15424 0.0922814 -157.3311 -31.43311 42.37366 -140.7776
838	/body/1/gyro/5/ -0.01390249 -0.02754515 -0.03402045 0.9989448 -1.48654 3.208986 1.329424 -5.081177 1.296997 -0.7019043
838	/body/1/gyro/6/ 0.1716868 -0.1157506 -0.8901442 -0.4059172 4.171933 -23.55457 -134.373 -43.71643 37.27722 -0.2441406
840	/body/1/gyro/1/ -0.009201846 -0.01507631 -0.247913 0.9686213 -0.5934166 1.935188 26.17265 -4.699707 1.220703 -1.358032
841	/body/1/gyro/2/ 0.01021426 -0.01528019 -0.2332498 0.9722431 1.547065 1.429516 24.4709 -1.495361 0.1831055 1.342773
841	/body/1/gyro/3/ 0.0144068 -0.02360063 -0.09260781 0.9953187 1.895828 2.539719 8.143407 -1.983643 -0.1831055 1.785278
842	/body/1/gyro/4/ 0.02495936 0.1647319 0.9543585 0.2478714 19.08614 -1.949826 -153.7388 -126.3733 30.88379 72.00623
842	/body/1/gyro/5/ 0.002443374 -0.04070756 -0.0332353 0.9986152 0.4360785 4.654093 1.30008 -4.852295 1.464844 -0.8544922
842	/body/1/gyro/6/ 0.1524738 -0.1041953 -0.8894334 -0.4180949 3.552785 -20.99936 -132.8351 -26.76392 57.75452 -30.05981
843	/body/1/gyro/1/ -0.002951993 -0.002407146 -0.2448986 0.9695412 -0.2604234 0.3502818 25.82109 -4.989624 1.098633 -1.373291
843	/body/1/gyro/2/ -0.004686886 -0.005558767 -0.2344812 0.9720935 -0.372762 0.7451673 24.59039 -1.480103 0.1831055 1.296997
843	/body/1/gyro/3/ 0.002809909 -0.009252856 -0.1065339 0.994262 0.4331749 1.019966 9.705531 -1.861572 -0.3051758 1.937866
843	/body/1/gyro/4/ -0.0221119 0.119891 0.9519612 0.2809042 12.54141 -6.283908 -150.3407 -182.8613 -81.74133 90.62195
843	/body/1/gyro/5/ -0.005080086 -0.02702484 -0.04684099 0.9985238 -0.4368698 3.121058 2.829678 -4.837036 1.419067 -0.8087158
844	/body/1/gyro/6/ 0.137744 -0.09663673 -0.8869885 -0.4300459 3.213076 -19.11535 -131.3394 -12.13074 48.11096 -29.96826
845	/body/1/gyro/1/ -0.01145465 -0.01249032 -0.2499828 0.9681019 -0.9133871 1.714015 26.41358 -4.806519 1.098633 -1.464844
846	/body/1/gyro/2/ 0.01285969 -0.0124943 -0.2293911 0.9731692 1.76308 1.055352 24.01303 -1.419067 0.1983643 1.281738
846	/body/1/gyro/3/ 0.01859873 -0.01028224 -0.1209045 0.9924366 2.258465 0.9117063 11.37974 -1.77002 -0.1831055 1.953125
846	/body/1/gyro/4/ -0.0275533 0.1430592 0.9620363 0.2307836 15.33243 -6.837047 -156.4717 14.4043 -51.51367 -155.1971
846	/body/1/gyro/5/ 0.008051602 -0.04591312 -0.03829396 0.9981787 1.127193 5.223575 1.915437 -4.989624 1.51062 -0.6561279
846	/body/1/gyro/6/ 0.1518313 -0.09133223 -0.8724478 -0.4554563 1.287285 -20.3727 -127.6282 -37.03308 -23.28491 15.19775
848	/body/1/gyro/1/ -0.001713653 -0.00544779 -0.2482048 0.9686908 -0.03527732 0.6534795 26.21289 -4.898071 1.12915 -1.358032
848	/body/1/gyro/2/ -0.005032859 -0.01086552 -0.2384147 0.9710896 -0.263274 1.346724 25.05491 -1.464844 0.1983643 1.251221
848	/body/1/gyro/3/ -0.003061709 -0.009432154 -0.1241349 0.9922158 -0.2139855 1.116055 11.73022 -1.815796 -0.1373291 1.89209
848	/body/1/gyro/4/ -0.02553367 0.1861798 0.9576892 0.2179828 20.39151 -7.473904 -158.2304 95.91675 -18.28003 -65.49072
848	/body/1/gyro/5/ -0.007277885 -0.03030302 -0.03984949 0.9987196 -0.6958578 3.50344 2.018564 -4.943848 1.358032 -0.869751
848	/body/1/gyro/6/ 0.1476897 -0.09469552 -0.8644359 -0.4711382 1.498652 -20.1553 -125.6135 -24.01733 -14.87732 6.68335
850	/body/1/gyro/1/ -0.01233114 -0.008951374 -0.2515897 0.967714 -1.10973 1.348266 26.60361 -4.837036 1.052856 -1.434326
850	/body/1/gyro/2/ 0.002462784 -0.007778988 -0.2438446 0.96978 0.4911038 0.7956772 25.7015 -1.586914 0.1220703 1.266479
850	/body/1/gyro/3/ 0.01651665 -0.01024916 -0.1132672 0.9933744 2.01385 0.9523528 10.49659 -1.907349 -0.2441406 1.831055
850	/body/1/gyro/4/ -0.01491776 0.1945108 0.9600385 0.2006714 21.69088 -6.125623 -160.0922 18.56995 -7.629395 -81.8634
850	/body/1/gyro/5/ 0.008502214 -0.04447306 -0.03695563 0.9982906 1.16557 5.058088 1.761603 -4.867554 1.495361 -0.8239746
850	/body/1/gyro/6/ 0.1435782 -0.08298381 -0.8491979 -0.5013601 -0.1836718 -19.09055 -121.3845 -2.334595 19.91272 35.49194
852	/body/1/gyro/1/ 0.0002582574 -0.0069678 -0.2474322 0.9688801 0.2262565 0.7663037 26.12346 -4.882812 1.037598 -1.327515
853	/body/1/gyro/2/ -0.004492452 -0.01234673 -0.2499174 0.968178 -0.144874 1.498636 26.41591 -1.434326 0.1831055 1.235962
853	/body/1/gyro/3/ -0.005581707 -0.007165955 -0.1074629 0.9941676 -0.5477157 0.8851389 9.804446 -1.968384 -0.2746582 1.998901
853	/body/1/gyro/4/ 0.02356386 0.1835523 0.9624664 0.198524 21.27344 -1.576993 -159.5168 -7.202148 105.1788 -32.76062
853	/body/1/gyro/5/ -0.01192806 -0.02992192 -0.04084815 0.998646 -1.227304 3.482134 2.117281 -4.882812 1.38855 -0.7781982
854	/body/1/gyro/6/ 0.1422499 -0.07043263 -0.8259931 -0.5408694 -2.262848 -18.13063 -115.7345 -25.55847 24.12415 60.10437
855	/body/1/gyro/1/ -0.01195394 -0.009609092 -0.250317 0.9680424 -1.050792 1.408963 26.4531 -5.020142 1.068115 -1.419067
855	/body/1/gyro/2/ 0.01174926 -0.006963849 -0.2382647 0.9711042 1.497814 0.4541528 25.04685 -1.525879 0.1525879 1.205444
855	/body/1/gyro/3/ 0.01492606 -0.008992848 -0.1027246 0.9945572 1.807447 0.8492266 9.277368 -1.754761 -0.289917 1.968384
855	/body/1/gyro/4/ 0.04529083 0.1660223 0.9693481 0.1753559 19.7489 1.69501 -161.727 -21.07239 45.82214 -92.14783
855	/body/1/gyro/5/ 0.004264534 -0.04083323 -0.03622416 0.9985 0.6596394 4.659558 1.652234 -4.867554 1.434326 -0.7476807
855	/body/1/gyro/6/ 0.1467788 -0.07877008 -0.8058528 -0.5682011 -2.415696 -19.03094 -111.7502 13.8855 -8.529663 34.97314
857	/body/1/gyro/1/ 0.0001112514 -0.004264892 -0.2474129 0.9689007 0.1332724 0.4703729 26.11975 -4.989624 1.052856 -1.403809
857	/body/1/gyro/2/ -0.004670835 -0.009228904 -0.2331944 0.9723752 -0.2738931 1.153232 24.43913 -1.419067 0.1831055 1.312256
857	/body/1/gyro/3/ 0.01465376 -0.01010083 -0.08045111 0.9965997 1.767166 1.018495 6.716165 -1.77002 -0.2746582 1.861572
858	/body/1/gyro/4/ 0.05997185 0.1598264 0.972002 0.1614654 19.31544 3.725284 -163.0326 -12.63428 60.5011 -71.36536
858	/body/1/gyro/5/ -0.01137503 -0.02562692 -0.03718546 0.998915 -1.194574 2.98326 1.702692 -4.943848 1.525879 -0.7476807
858	/body/1/gyro/6/ 0.1470499 -0.07899316 -0.7958562 -0.5820217 -2.75493 -19.02694 -109.7111 -2.471924 -1.373291 -12.11548
859	/body/1/gyro/1/ -0.01255376 -0.01074747 -0.2550334 0.966791 -1.077152 1.557741 27.01061 -4.882812 1.098633 -1.464844
859	/body/1/gyro/2/ 0.01293469 -0.009241834 -0.2256009 0.9740901 1.683089 0.6972267 23.56002 -1.449585 0.1678467 1.251221
859	/body/1/gyro/3/ -0.002489089 -0.007233178 -0.06794226 0.9976599 -0.228272 0.8463315 5.260156 -1.922607 -0.2441406 1.922607
859	/body/1/gyro/4/ 0.09841979 0.1430987 0.9751105 0.1378251 18.04882 8.771553 -165.0441 -30.7312 101.593 -109.2377
860	/body/1/gyro/5/ 0.00276147 -0.04002074 -0.03450202 0.9985992 0.4757458 4.573552 1.446609 -4.852295 1.403809 -0.7324219
861	/body/1/gyro/6/ 0.1500837 -0.07319181 -0.7852405 -0.596251 -3.879293 -18.84354 -107.4656 -18.63098 9.155273 -5.340576
862	/body/1/gyro/1/ -0.003281557 -0.006628113 -0.2566827 0.9664674 -0.16849 0.8306087 27.21625 -4.837036 1.083374 -1.403809
862	/body/1/gyro/2/ -0.005844316 -0.01084806 -0.2333542 0.9723137 -0.3611906 1.365088 24.45704 -1.51062 0.1220703 1.251221
862	/body/1/gyro/3/ 0.01892359 -0.01248503 -0.06619891 0.9975489 2.25903 1.283729 5.088655 -1.89209 -0.3051758 1.861572
862	/body/1/gyro/4/ 0.08482777 0.1331402 0.9805157 0.1169061 16.47099 7.771348 -167.8051 -41.24451 -1.953125 -82.82471
862	/body/1/gyro/5/ -0.008069715 -0.03359218 -0.05617177 0.9978232 -0.7081361 3.895946 3.889966 -4.91333 1.434326 -0.7171631
862	/body/1/gyro/6/ 0.1497274 -0.05659523 -0.7766856 -0.6092111 -5.689188 -17.55007 -105.4317 -17.28821 26.93176 -19.4397
864	/body/1/gyro/1/ -0.0112133 -0.009652506 -0.2612725 0.9651517 -0.9515077 1.403412 27.75291 -4.882812 1.113892 -1.373291
865	/body/1/gyro/2/ 0.009577297 -0.007980268 -0.2332411 0.972339 1.280597 0.6332123 24.45514 -1.434326 0.06103516 1.174927
865	/body/1/gyro/3/ 0.001630293 -0.01190135 -0.08565412 0.9962525 0.3030169 1.342805 7.301542 -1.831055 -0.213623 1.89209
865	/body/1/gyro/4/ 0.09925804 0.130992 0.9808674 0.104346 16.35927 9.635578 -168.9971 -6.317139 15.1062 -55.6488
865	/body/1/gyro/5/ 0.009053424 -0.04180388 -0.04751546 0.9979543 1.267372 4.736671 2.974334 -4.821777 1.449585 -0.7781982
865	/body/1/gyro/6/ 0.1417065 -0.05341506 -0.7717798 -0.6175938 -5.542373 -16.54151 -104.3887 -19.11926 16.31165 -28.57971
866	/body/1/gyro/1/ 0.001761199 -0.006540922 -0.2538584 0.9672177 0.3855076 0.6737452 26.88486 -4.867554 1.083374 -1.358032
866	/body/1/gyro/2/ -0.005947792 -0.01027965 -0.2382826 0.9711232 -0.3812994 1.306465 25.03804 -1.495361 0.1373291 1.251221
866	/body/1/gyro/3/ 0.001226453 -0.01049647 -0.1067363 0.9942312 0.2681715 1.180951 9.727871 -1.876831 -0.2441406 1.953125
866	/body/1/gyro/4/ 0.120058 0.1259342 0.9806086 0.09018536 15.95803 12.28327 -170.2925 -17.37976 41.71753 -72.00623
866	/body/1/gyro/5/ -0.01086165 -0.03426443 -0.04901556 0.998151 -1.052499 3.98337 3.056056 -4.867554 1.449585 -0.8087158
867	/body/1/gyro/6/ 0.1282655 -0.0574495 -0.772204 -0.6196357 -4.181958 -15.62201 -104.4672 -18.49365 18.79883 -36.01074
869	/body/1/gyro/1/ -0.01107269 -0.00792009 -0.253972 0.9671158 -0.9968823 1.200067 26.88771 -4.959106 1.098633 -1.327515
869	/body/1/gyro/2/ 0.00839511 -0.006484179 -0.2362497 0.9716344 1.110373 0.4946876 24.80696 -1.464844 0.1983643 1.312256
869	/body/1/gyro/3/ 0.009234748 -0.009876861 -0.1250894 0.9920533 1.191656 0.9904876 11.85346 -1.785278 -0.2441406 1.998901
869	/body/1/gyro/4/ 0.09113216 0.1035018 0.9861408 0.09224196 12.93553 9.24427 -170.7922 -47.27173 -40.1001 -34.9884
869	/body/1/gyro/5/ 0.008417437 -0.04122365 -0.04514755 0.9980939 1.180012 4.67652 2.698063 -4.91333 1.403809 -0.7171631
869	/body/1/gyro/6/ 0.1325862 -0.05724101 -0.7671544 -0.6249948 -4.647752 -15.96075 -103.5392 -55.02319 -0.3509521 -17.80701
871	/body/1/gyro/1/ 0.0006214687 -0.007730295 -0.2494067 0.9683678 0.2899258 0.8400745 26.35782 -4.943848 1.098633 -1.38855
871	/body/1/gyro/2/ -0.007138893 -0.01126198 -0.2405987 0.9705331 -0.4836123 1.449479 25.31017 -1.525879 0.09155273 1.251221
871	/body/1/gyro/3/ -0.001849855 -0.008541418 -0.1348116 0.9908327 -0.07809621 0.9984292 12.96537 -1.89209 -0.2593994 1.983643
871	/body/1/gyro/4/ 0.08744077 0.07967739 0.9880741 0.09856579 10.18854 9.037971 -170.3292 -52.45972 21.74377 -33.21838
871	/body/1/gyro/5/ -0.01086712 -0.03231954 -0.03970888 0.9986293 -1.09893 3.750597 1.988167 -4.882812 1.419067 -0.7019043
871	/body/1/gyro/6/ 0.1334622 -0.1212733 -0.7613411 -0.6227683 1.129187 -20.74877 -104.1712 168.2129 -80.21545 -48.49243
873	/body/1/gyro/1/ -0.01214381 -0.009706248 -0.2543115 0.9669974 -1.063186 1.42959 26.92596 -4.867554 1.037598 -1.327515
874	/body/1/gyro/2/ 0.009091403 -0.005649452 -0.2372046 0.9714007 1.165671 0.3817484 24.91871 -1.403809 0.1831055 1.312256
874	/body/1/gyro/3/ 0.01794306 -0.01177546 -0.1269549 0.9916763 2.211257 1.077165 12.08149 -1.831055 -0.2288818 1.89209
874	/body/1/gyro/4/ 0.08822117 0.0664308 0.9874526 0.1128778 8.804523 9.162282 -168.7805 -37.13989 20.9198 -16.03699
874	/body/1/gyro/5/ 0.007340583 -0.04181214 -0.0369602 0.9984146 1.020494 4.7581 1.752516 -4.959106 1.541138 -0.8544922
875	/body/1/gyro/6/ 0.1114761 -0.1482261 -0.7672971 -0.613887 5.556975 -20.67452 -106.2203 44.7998 -24.64294 -74.0509
876	/body/1/gyro/1/ -0.002437019 -0.006806447 -0.252543 0.9675587 -0.07323602 0.8252126 26.72635 -4.867554 1.00708 -1.342773
876	/body/1/gyro/2/ -0.005986277 -0.01224245 -0.2415066 0.9703035 -0.3269185 1.527069 25.41925 -1.51062 0.1373291 1.220703
876	/body/1/gyro/3/ -0.002301624 -0.00863745 -0.1304124 0.9914196 -0.1324251 1.015735 12.45627 -1.876831 -0.2593994 1.907349
876	/body/1/gyro/4/ 0.08754998 0.0716456 0.9846049 0.1332484 9.577643 8.818851 -166.3755 -20.93506 14.95361 8.392334
876	/body/1/gyro/5/ -0.01202915 -0.03018573 -0.04224201 0.9985788 -1.232777 3.514546 2.276756 -4.928589 1.480103 -0.8392334
876	/body/1/gyro/6/ 0.1037808 -0.1401061 -0.7604479 -0.6255548 5.065153 -19.45874 -104.5167 5.630493 17.30347 -17.6239
