3452	/body/1/gyro/1/ -0.007749226 -0.08917726 -0.05901519 0.9942357 -0.2843579 10.26732 4.238333 -4.91333 1.052856 -1.419067
3453	/body/1/gyro/2/ -0.03982851 0.1655204 0.5316024 -0.8297081 14.41147 13.43377 64.47234 -1.617432 0.1983643 1.373291
3454	/body/1/gyro/3/ -0.3569944 -0.6022843 -0.5319671 -0.4762559 88.85419 -11.17839 -109.8139 -0.06103516 0.09155273 0.6866455
3454	/body/1/gyro/4/ 0.8283152 -0.3354042 -0.3575074 0.2712681 130.9091 -24.22297 52.75263 -1.968384 0.1068115 1.220703
3454	/body/1/gyro/5/ -0.9991517 0.00021212 0.03078957 -0.02734733 176.8606 -3.526794 -2.408997 0 1.022339 0.5645752
3454	/body/1/gyro/6/ -0.7296348 -0.2179058 0.1767684 0.6236209 -99.19035 0.7923443 -35.11211 -1.022339 1.251221 1.541138
3455	/body/1/gyro/1/ 0.01070891 -0.100527 -0.05848656 0.9931561 1.93125 11.44489 4.404012 -4.852295 0.9765625 -1.434326
3455	/body/1/gyro/2/ -0.03987739 0.1653667 0.5309321 -0.8301656 14.39483 13.42775 64.37525 -1.617432 0.1220703 1.342773
3455	/body/1/gyro/3/ -0.3570009 -0.602222 -0.5320674 -0.4762178 88.84602 -11.16766 -109.8171 -0.1068115 0.1068115 0.5950928
3455	/body/1/gyro/4/ 0.8283146 -0.3354371 -0.3574731 0.2712745 130.9107 -24.21799 52.75381 -2.105713 0.03051758 1.174927
3455	/body/1/gyro/5/ -0.9992771 -0.00199104 0.02754329 -0.02612713 177.0086 -3.161512 -2.67575 0.07629395 1.022339 0.5493164
3456	/body/1/gyro/6/ -0.7292258 -0.2171068 0.1758731 0.6246303 -99.08088 0.8434612 -34.96953 -0.4577637 1.281738 1.846313
3458	/body/1/gyro/1/ -0.007666721 -0.08716094 -0.06444478 0.994078 -0.2332402 10.03663 4.86796 -4.91333 1.205444 -1.464844
3459	/body/1/gyro/2/ -0.04033589 0.1656705 0.5304024 -0.8304213 14.45187 13.4363 64.31526 -1.663208 0.289917 1.342773
3459	/body/1/gyro/3/ -0.3571548 -0.6023252 -0.5320307 -0.4760127 88.87345 -11.15093 -109.8266 -0.03051758 0.09155273 0.6866455
3459	/body/1/gyro/4/ 0.8282666 -0.3354309 -0.3575882 0.271277 130.9006 -24.22792 52.76266 -2.120972 0.1373291 1.174927
3459	/body/1/gyro/5/ -0.9990615 0.005786057 0.03262623 -0.02789662 176.7762 -3.719297 -1.761651 -0.1525879 1.037598 0.50354
3459	/body/1/gyro/6/ -0.7292219 -0.2164344 0.1753514 0.6250147 -99.04639 0.8485298 -34.86784 -0.5950928 1.358032 1.785278
3460	/body/1/gyro/1/ 0.01015979 -0.100444 -0.06372053 0.9928482 1.927912 11.42918 5.007305 -4.882812 0.9765625 -1.419067
3460	/body/1/gyro/2/ -0.04026594 0.1656514 0.5299579 -0.8307123 14.43666 13.44658 64.25298 -1.708984 0.1983643 1.419067
3460	/body/1/gyro/3/ -0.35713 -0.6023148 -0.5320533 -0.4760194 88.8699 -11.15142 -109.828 -0.1525879 0.1678467 0.6408691
3461	/body/1/gyro/4/ 0.8282493 -0.3354204 -0.3575911 0.271339 130.8936 -24.22518 52.76275 -2.059937 0.1678467 1.251221
3462	/body/1/gyro/5/ -0.999177 0.007847331 0.02979452 -0.02638008 176.946 -3.389646 -1.539653 0.1525879 0.9613037 0.6103516
3462	/body/1/gyro/6/ -0.729358 -0.2156978 0.1749734 0.6252165 -99.03243 0.8296247 -34.77158 -0.793457 1.266479 1.556396
3463	/body/1/gyro/1/ -0.008095713 -0.08896402 -0.06929675 0.9935883 -0.2187958 10.248 5.429525 -4.943848 1.098633 -1.541138
3463	/body/1/gyro/2/ -0.04034012 0.1652903 0.5301556 -0.8306544 14.42199 13.40455 64.26882 -1.63269 0.07629395 1.296997
3463	/body/1/gyro/3/ -0.3569457 -0.6027697 -0.5315326 -0.4761634 88.91831 -11.22003 -109.8315 -0.06103516 0.1831055 0.6256104
3463	/body/1/gyro/4/ 0.8282212 -0.3354178 -0.3576256 0.2713827 130.8858 -24.22576 52.76608 -2.105713 0.1220703 1.068115
3463	/body/1/gyro/5/ -0.9991143 0.008717596 0.0313363 -0.0266948 176.9049 -3.563324 -1.433878 0.09155273 0.8850098 0.7171631
3463	/body/1/gyro/6/ -0.7298514 -0.2158754 0.1745893 0.6246866 -99.12495 0.8514769 -34.75869 -0.7019043 1.281738 1.739502
3465	/body/1/gyro/1/ 0.01129886 -0.1003381 -0.065504 0.9927305 2.080018 11.40466 5.227947 -4.959106 1.113892 -1.434326
3465	/body/1/gyro/2/ -0.04050367 0.1650365 0.5303364 -0.8305815 14.42314 13.36723 64.28645 -1.63269 0.03051758 1.373291
3466	/body/1/gyro/3/ -0.3567914 -0.6029065 -0.5313927 -0.4762621 88.92461 -11.25 -109.8354 -0.1678467 0.03051758 0.6866455
3467	/body/1/gyro/4/ 0.8282945 -0.335392 -0.357581 0.2712495 130.9051 -24.2309 52.75696 -2.029419 0.07629395 1.113892
3467	/body/1/gyro/5/ -0.9992531 0.00138228 0.03011047 -0.02418005 177.2204 -3.446076 -2.287851 0.03051758 0.9155273 0.4882812
3467	/body/1/gyro/6/ -0.7300472 -0.2155423 0.1747731 0.6245214 -99.14133 0.8042467 -34.74269 -0.4119873 1.266479 1.831055
3468	/body/1/gyro/1/ -0.007819053 -0.08753466 -0.06147066 0.9942323 -0.2785341 10.07987 4.521312 -4.852295 0.9307861 -1.449585
3468	/body/1/gyro/2/ -0.04012767 0.1652113 0.5303806 -0.8305368 14.39952 13.40674 64.29585 -1.708984 0.06103516 1.342773
3468	/body/1/gyro/3/ -0.3566906 -0.6031375 -0.5311407 -0.4763261 88.94864 -11.28413 -109.8388 -0.01525879 0.1068115 0.6866455
3468	/body/1/gyro/4/ 0.8282226 -0.3355805 -0.3578397 0.2708944 130.9189 -24.26315 52.79453 -2.151489 0.1220703 1.083374
3468	/body/1/gyro/5/ -0.9992091 -0.001095433 0.03000866 -0.02606695 177.0123 -3.44136 -2.565855 0.1220703 0.9765625 0.6866455
3468	/body/1/gyro/6/ -0.730615 -0.2151523 0.1750321 0.6239191 -99.21794 0.728429 -34.72766 -0.8239746 1.327515 1.617432
3471	/body/1/gyro/1/ 0.01073701 -0.09978916 -0.06018099 0.993129 1.948607 11.3566 4.599235 -4.91333 1.098633 -1.464844
3471	/body/1/gyro/2/ -0.04015341 0.1650748 0.5301648 -0.8307005 14.38912 13.39598 64.26183 -1.693726 0.01525879 1.358032
3471	/body/1/gyro/3/ -0.3563566 -0.6032708 -0.5309012 -0.4766741 88.93937 -11.34679 -109.8313 -0.07629395 0.1678467 0.6408691
3471	/body/1/gyro/4/ 0.8282167 -0.3357234 -0.3580371 0.2704742 130.9463 -24.29631 52.82044 -1.968384 0.1220703 1.296997
3471	/body/1/gyro/5/ -0.9992247 -0.003833549 0.02896672 -0.02638593 176.985 -3.330234 -2.881964 0.03051758 0.9765625 0.6408691
3471	/body/1/gyro/6/ -0.7303796 -0.2158863 0.1754069 0.6238359 -99.21481 0.7522041 -34.82334 -0.5340576 1.205444 1.693726
3473	/body/1/gyro/1/ -0.006781543 -0.08897055 -0.06699043 0.9937558 -0.09071372 10.23807 5.174976 -5.0354 1.12915 -1.358032
3473	/body/1/gyro/2/ -0.04040265 0.165524 0.5299515 -0.8307351 14.44099 13.42606 64.2488 -1.693726 0.09155273 1.327515
3473	/body/1/gyro/3/ -0.3562664 -0.6036371 -0.5304917 -0.4767337 88.98336 -11.39405 -109.8352 -0.1220703 0.1831055 0.793457
3473	/body/1/gyro/4/ 0.8282662 -0.3358192 -0.358157 0.2700447 130.9822 -24.3259 52.83416 -2.029419 0.01525879 1.296997
3473	/body/1/gyro/5/ -0.9992046 -0.004053253 0.03052543 -0.0253353 177.1066 -3.509135 -2.906185 0.01525879 0.9155273 0.4577637
3474	/body/1/gyro/6/ -0.730312 -0.2163782 0.1758794 0.6236115 -99.22802 0.7436106 -34.90464 -0.1983643 1.373291 1.89209
3476	/body/1/gyro/1/ 0.010354 -0.1010229 -0.07305723 0.992144 2.064606 11.47531 6.100298 -4.852295 1.037598 -1.449585
3476	/body/1/gyro/2/ -0.04027192 0.1652299 0.5298304 -0.8308772 14.40602 13.40878 64.22164 -1.556396 0.1983643 1.403809
3476	/body/1/gyro/3/ -0.3563685 -0.6037055 -0.5304272 -0.4766427 89.00154 -11.3878 -109.8365 -0.1068115 0.1373291 0.6408691
3476	/body/1/gyro/4/ 0.8281841 -0.3358482 -0.3581564 0.2702609 130.9574 -24.31203 52.8414 -1.998901 0.1373291 1.113892
3476	/body/1/gyro/5/ -0.9991775 -0.00379719 0.02915263 -0.02792924 176.8078 -3.351962 -2.872054 0.213623 1.052856 0.6561279
3476	/body/1/gyro/6/ -0.7305881 -0.2165485 0.1765819 0.6230302 -99.28326 0.676974 -34.97465 -0.8239746 1.235962 1.586914
3478	/body/1/gyro/1/ -0.007886028 -0.09143931 -0.08120652 0.9924627 -0.0467527 10.53179 6.821104 -4.928589 1.098633 -1.373291
3479	/body/1/gyro/2/ -0.04023379 0.1648463 0.5305833 -0.8304748 14.38773 13.36224 64.31248 -1.602173 0.1983643 1.358032
3480	/body/1/gyro/3/ -0.3561678 -0.6036462 -0.5304384 -0.4768552 88.97638 -11.41147 -109.8307 -0.1220703 0.09155273 0.6256104
3480	/body/1/gyro/4/ 0.8281496 -0.3357555 -0.3582966 0.2702962 130.9433 -24.32673 52.84264 -2.075195 0.1983643 1.235962
3480	/body/1/gyro/5/ -0.9992259 -0.006564606 0.02936805 -0.02533862 177.1145 -3.383753 -3.197572 0.1831055 0.8544922 0.50354
3480	/body/1/gyro/6/ -0.7299667 -0.2167357 0.1768311 0.6236225 -99.18736 0.696782 -35.0104 -0.50354 1.235962 1.678467
3481	/body/1/gyro/1/ 0.01415819 -0.1003585 -0.07694582 0.9918705 2.544755 11.35612 6.594897 -4.989624 1.037598 -1.403809
3481	/body/1/gyro/2/ -0.03986346 0.1647873 0.5311548 -0.830139 14.35685 13.37041 64.38686 -1.617432 0.1983643 1.312256
3481	/body/1/gyro/3/ -0.3561771 -0.6036577 -0.5304194 -0.4768547 88.97878 -11.41229 -109.83 -0.1220703 0.1068115 0.4882812
3481	/body/1/gyro/4/ 0.8281184 -0.3359294 -0.3584858 0.2699244 130.9652 -24.35484 52.87245 -2.075195 0.1983643 1.327515
3481	/body/1/gyro/5/ -0.9991618 -0.007012974 0.03086974 -0.02595165 177.0465 -3.557588 -3.242544 0.06103516 0.9460449 0.5645752
3481	/body/1/gyro/6/ -0.7301162 -0.2172544 0.1767564 0.623288 -99.2389 0.7287484 -35.05216 -0.8239746 1.281738 1.785278
3484	/body/1/gyro/1/ -0.005132051 -0.09089415 -0.06299747 0.9938527 0.07289658 10.4465 4.730589 -4.974365 1.00708 -1.342773
3485	/body/1/gyro/2/ -0.04002535 0.1649343 0.5316478 -0.8297863 14.39056 13.36547 64.46064 -1.617432 0.1983643 1.342773
3485	/body/1/gyro/3/ -0.356203 -0.6036823 -0.5303771 -0.4768513 88.98441 -11.41357 -109.8282 -0.07629395 0.1373291 0.5950928
3485	/body/1/gyro/4/ 0.8280412 -0.3361093 -0.3586203 0.2697588 130.9685 -24.36625 52.90209 -2.090454 0.07629395 1.251221
3485	/body/1/gyro/5/ -0.9991596 -0.007143982 0.02846424 -0.02861543 176.7399 -3.284245 -3.255827 0.1373291 0.9613037 0.6408691
3485	/body/1/gyro/6/ -0.7299569 -0.2164904 0.1761108 0.6239229 -99.17345 0.7471625 -34.93239 -0.6408691 1.281738 1.708984
3486	/body/1/gyro/1/ 0.01286396 -0.1009104 -0.06205655 0.9928749 2.226164 11.46598 4.846406 -4.974365 1.113892 -1.449585
3486	/body/1/gyro/2/ -0.04017377 0.1650594 0.5322186 -0.8293882 14.42267 13.35796 64.54436 -1.602173 0.1525879 1.358032
3486	/body/1/gyro/3/ -0.3565271 -0.6033402 -0.5308967 -0.4764638 88.96345 -11.32543 -109.8396 -0.09155273 0.1068115 0.5950928
3486	/body/1/gyro/4/ 0.8279971 -0.3363566 -0.3586533 0.2695418 130.9849 -24.36849 52.93042 -2.01416 0.1068115 1.159668
3487	/body/1/gyro/5/ -0.9992017 -0.009470883 0.02881857 -0.02599412 177.0487 -3.329814 -3.530314 0.1220703 0.8850098 0.5950928
3488	/body/1/gyro/6/ -0.7299172 -0.2160252 0.1753842 0.6243351 -99.14346 0.7856815 -34.83379 -0.4882812 1.235962 1.724243
3489	/body/1/gyro/1/ -0.01018086 -0.0929236 -0.07075952 0.9931036 -0.4123287 10.71981 5.582291 -4.989624 1.068115 -1.419067
3489	/body/1/gyro/2/ -0.03983157 0.1651656 0.5326434 -0.8291108 14.40372 13.38241 64.60423 -1.571655 0.1373291 1.281738
3489	/body/1/gyro/3/ -0.3566006 -0.6030465 -0.5312921 -0.4763399 88.92832 -11.27932 -109.8448 -0.1678467 0.1678467 0.6408691
3489	/body/1/gyro/4/ 0.8280294 -0.3363525 -0.3584739 0.2696864 130.9842 -24.34527 52.91757 -2.059937 0.1068115 1.220703
3489	/body/1/gyro/5/ -0.9991621 -0.009829664 0.03014232 -0.02588021 177.0641 -3.482457 -3.568035 0.06103516 0.8392334 0.4272461
3489	/body/1/gyro/6/ -0.7298943 -0.2156326 0.1748005 0.6246613 -99.11996 0.8149386 -34.75288 -0.5493164 1.220703 1.77002
3491	/body/1/gyro/1/ 0.0107194 -0.09815306 -0.06696924 0.9928576 2.011221 11.15526 5.384055 -4.776001 0.9765625 -1.419067
3491	/body/1/gyro/2/ -0.03952742 0.1654093 0.5329786 -0.8288614 14.39661 13.41887 64.65652 -1.63269 0.1831055 1.342773
3491	/body/1/gyro/3/ -0.3567901 -0.6029004 -0.5315806 -0.4760608 88.92374 -11.22774 -109.8576 -0.1525879 0.09155273 0.7019043
3492	/body/1/gyro/4/ 0.8280046 -0.3363602 -0.3583545 0.2699117 130.9691 -24.32194 52.91256 -2.075195 0.03051758 1.159668
3493	/body/1/gyro/5/ -0.9991484 -0.009937622 0.02995131 -0.02658051 176.9839 -3.461619 -3.578541 0.1983643 0.8544922 0.5340576
3493	/body/1/gyro/6/ -0.7301698 -0.2158532 0.1746649 0.6243008 -99.17776 0.8276465 -34.76286 -0.7476807 1.266479 1.617432
3494	/body/1/gyro/1/ -0.009450973 -0.09407093 -0.06969104 0.9930783 -0.3301532 10.84524 5.467165 -4.943848 1.098633 -1.434326
3494	/body/1/gyro/2/ -0.03965338 0.1651738 0.5318732 -0.8296121 14.37477 13.40773 64.49716 -1.586914 0.1983643 1.358032
3494	/body/1/gyro/3/ -0.3566055 -0.6030324 -0.5314006 -0.476233 88.9268 -11.26616 -109.856 -0.1373291 0.1525879 0.5950928
3494	/body/1/gyro/4/ 0.8280095 -0.3362678 -0.3583618 0.2700018 130.9602 -24.32224 52.90379 -2.01416 0.09155273 1.312256
3494	/body/1/gyro/5/ -0.9990923 -0.0001353065 0.03006973 -0.03017316 176.5377 -3.445153 -2.441362 0.213623 0.9307861 0.5645752
3494	/body/1/gyro/6/ -0.7305116 -0.2158949 0.1747023 0.623876 -99.23775 0.8101434 -34.76993 -0.6561279 1.266479 1.693726
3497	/body/1/gyro/1/ 0.01338808 -0.09863506 -0.07002168 0.9925668 2.359645 11.18216 5.771639 -4.959106 1.098633 -1.38855
3498	/body/1/gyro/2/ -0.03975943 0.1656919 0.5308921 -0.8301319 14.40533 13.46647 64.37965 -1.678467 0.289917 1.296997
3498	/body/1/gyro/3/ -0.3565338 -0.6030495 -0.5313562 -0.4763145 88.92319 -11.27917 -109.8535 -0.1220703 0.1525879 0.7171631
3498	/body/1/gyro/4/ 0.8279257 -0.3363386 -0.358468 0.2700298 130.9465 -24.32593 52.92154 -2.059937 0.09155273 1.083374
3498	/body/1/gyro/5/ -0.9991575 0.003449488 0.03062049 -0.0271066 176.877 -3.49735 -2.039017 0.1068115 0.9002686 0.4577637
3498	/body/1/gyro/6/ -0.7304136 -0.2157504 0.1749159 0.6239809 -99.21384 0.7864864 -34.77311 -0.4119873 1.327515 1.861572
3499	/body/1/gyro/1/ -0.009074353 -0.09680748 -0.07514232 0.9924211 -0.2022081 11.15777 6.110157 -4.943848 1.052856 -1.480103
3499	/body/1/gyro/2/ -0.03947791 0.165336 0.530177 -0.8306731 14.34194 13.46314 64.26768 -1.617432 0.1983643 1.38855
3499	/body/1/gyro/3/ -0.3564118 -0.6030059 -0.5313632 -0.4764532 88.90681 -11.2938 -109.8489 -0.1983643 0.1678467 0.5340576
3499	/body/1/gyro/4/ 0.8279767 -0.3364799 -0.358329 0.2698818 130.9722 -24.31522 52.92416 -1.968384 0.09155273 0.9918213
3499	/body/1/gyro/5/ -0.9991714 0.005496631 0.02949056 -0.02750544 176.8251 -3.361173 -1.806439 0.213623 0.8850098 0.579834
3499	/body/1/gyro/6/ -0.7300508 -0.2157359 0.1752619 0.6243134 -99.15157 0.7719916 -34.79809 -0.6103516 1.266479 1.678467
3502	/body/1/gyro/1/ 0.01206285 -0.09684429 -0.07206693 0.9926137 2.21293 10.98309 5.98792 -4.91333 1.174927 -1.342773
3503	/body/1/gyro/2/ -0.03971171 0.1653861 0.5302008 -0.8306369 14.36845 13.45262 64.2741 -1.663208 0.1220703 1.327515
3503	/body/1/gyro/3/ -0.3567255 -0.6027209 -0.5317932 -0.4760992 88.8931 -11.2156 -109.858 -0.01525879 0.09155273 0.6408691
3503	/body/1/gyro/4/ 0.8280279 -0.3365484 -0.3582649 0.2697242 130.994 -24.3152 52.92421 -2.01416 0.03051758 1.098633
3503	/body/1/gyro/5/ -0.9992945 -0.001123758 0.02922772 -0.02355851 177.3004 -3.351832 -2.579864 0.213623 0.8087158 0.5340576
3503	/body/1/gyro/6/ -0.7301721 -0.2161808 0.1751051 0.6240615 -99.19452 0.8082741 -34.82674 -0.6103516 1.235962 1.693726
3504	/body/1/gyro/1/ -0.01214859 -0.09591814 -0.07112941 0.9927703 -0.611661 11.07989 5.606855 -4.974365 1.098633 -1.38855
3504	/body/1/gyro/2/ -0.03970056 0.1651523 0.5302601 -0.830646 14.35212 13.43034 64.27455 -1.693726 0.2746582 1.38855
3504	/body/1/gyro/3/ -0.3567675 -0.6024978 -0.53209 -0.4760185 88.86531 -11.18254 -109.8617 -0.1068115 0.1373291 0.6103516
3504	/body/1/gyro/4/ 0.8279399 -0.3365507 -0.3584625 0.269729 130.9763 -24.33152 52.94097 -2.029419 0.1373291 1.235962
3505	/body/1/gyro/5/ -0.9991575 -0.001493543 0.02938145 -0.02861236 176.7216 -3.370871 -2.604799 0.1373291 0.7781982 0.5950928
3506	/body/1/gyro/6/ -0.7302029 -0.2161846 0.1754335 0.6239319 -99.19987 0.7772349 -34.85245 -0.6103516 1.312256 1.77002
3507	/body/1/gyro/1/ 0.009905164 -0.09748091 -0.06848948 0.9928285 1.92828 11.0816 5.549579 -4.852295 1.022339 -1.434326
3507	/body/1/gyro/2/ -0.03974313 0.1652604 0.5302426 -0.8306336 14.36345 13.4381 64.27595 -1.617432 0.1373291 1.312256
3507	/body/1/gyro/3/ -0.356972 -0.6020471 -0.532732 -0.4757173 88.81929 -11.09683 -109.8736 -0.1373291 0.1068115 0.5950928
3507	/body/1/gyro/4/ 0.8279206 -0.3365515 -0.3585416 0.269682 130.9748 -24.34086 52.94682 -2.13623 0.1068115 1.251221
3507	/body/1/gyro/5/ -0.9992092 -0.002742535 0.03003696 -0.02590875 177.0362 -3.449486 -2.755254 0.1983643 0.7629395 0.6408691
3507	/body/1/gyro/6/ -0.7301088 -0.2166671 0.1764722 0.6235816 -99.20803 0.7180196 -34.97657 -0.5187988 1.235962 1.693726
3509	/body/1/gyro/1/ -0.01074266 -0.09585665 -0.07343883 0.9926242 -0.4231255 11.06235 5.891609 -5.004883 1.174927 -1.403809
3510	/body/1/gyro/2/ -0.04010224 0.165213 0.5294643 -0.8311222 14.38257 13.42421 64.16961 -1.663208 0.213623 1.266479
3511	/body/1/gyro/3/ -0.3570746 -0.6016315 -0.5333213 -0.4755057 88.7697 -11.02793 -109.8851 -0.09155273 0.06103516 0.579834
3511	/body/1/gyro/4/ 0.8279122 -0.3365873 -0.358554 0.2696469 130.9769 -24.34205 52.95148 -2.120972 0.1068115 1.235962
3511	/body/1/gyro/5/ -0.9992051 -0.005933288 0.02997215 -0.02560672 177.0818 -3.451321 -3.122502 0.1068115 0.8544922 0.6713867
3511	/body/1/gyro/6/ -0.7301876 -0.2174077 0.1770187 0.6230766 -99.25869 0.7110286 -35.08647 -0.5950928 1.281738 1.800537
3512	/body/1/gyro/1/ 0.0118196 -0.09865157 -0.06740975 0.9927659 2.148095 11.2028 5.449651 -4.959106 1.083374 -1.419067
3512	/body/1/gyro/2/ -0.04023074 0.1653126 0.5288669 -0.8314764 14.3924 13.43569 64.09153 -1.647949 0.1220703 1.434326
3512	/body/1/gyro/3/ -0.3571643 -0.6014656 -0.5336488 -0.4752807 88.75407 -10.98368 -109.9007 -0.09155273 0.07629395 0.7324219
3512	/body/1/gyro/4/ 0.8278419 -0.3365457 -0.3584353 0.2700723 130.9403 -24.30992 52.9442 -1.998901 0.09155273 1.190186
3512	/body/1/gyro/5/ -0.999132 -0.006875102 0.03042708 -0.02760843 176.8556 -3.507601 -3.222196 0.1220703 0.8544922 0.6103516
3512	/body/1/gyro/6/ -0.7303561 -0.2178938 0.1776575 0.6225272 -99.31178 0.6751413 -35.18034 -0.4730225 1.296997 1.708984
3515	/body/1/gyro/1/ -0.008364305 -0.09168988 -0.06848618 0.9933945 -0.2365806 10.56286 5.335773 -4.959106 1.12915 -1.403809
3516	/body/1/gyro/2/ -0.04027563 0.1653075 0.5283868 -0.8317804 14.38874 13.44058 64.02564 -1.586914 0.2441406 1.403809
3516	/body/1/gyro/3/ -0.3569474 -0.6019266 -0.5331469 -0.4754232 88.80047 -11.0537 -109.9073 -0.1525879 0.1678467 0.6256104
3516	/body/1/gyro/4/ 0.8278974 -0.3364325 -0.3583746 0.2701232 130.9421 -24.3078 52.9266 -2.029419 0.1220703 1.144409
3516	/body/1/gyro/5/ -0.9992149 -0.007561429 0.02913798 -0.02575646 177.0698 -3.36059 -3.311163 0.1525879 0.9155273 0.6256104
3516	/body/1/gyro/6/ -0.7299321 -0.2187083 0.1787465 0.6224272 -99.28111 0.648283 -35.33847 -0.6103516 1.174927 1.739502
3517	/body/1/gyro/1/ 0.01148173 -0.10012 -0.06544618 0.9927542 2.098743 11.37831 5.222506 -4.882812 1.113892 -1.495361
3517	/body/1/gyro/2/ -0.04035698 0.1651706 0.5289676 -0.8314345 14.39643 13.41261 64.10155 -1.647949 0.09155273 1.312256
3517	/body/1/gyro/3/ -0.3567854 -0.6022927 -0.5327292 -0.4755495 88.83822 -11.11039 -109.9103 -0.1220703 0.2441406 0.6408691
3517	/body/1/gyro/4/ 0.827846 -0.3363972 -0.3583002 0.2704235 130.9155 -24.28623 52.92153 -2.090454 0.1678467 1.144409
3517	/body/1/gyro/5/ -0.9991657 -0.006240104 0.03015541 -0.02682563 176.9431 -3.473982 -3.152926 0.1220703 0.9460449 0.6256104
3518	/body/1/gyro/6/ -0.7299183 -0.2199118 0.1791653 0.6218986 -99.34016 0.6860503 -35.48087 -0.5187988 1.312256 1.785278
3520	/body/1/gyro/1/ -0.009916702 -0.09326541 -0.07634708 0.9926602 -0.3176613 10.75886 6.23619 -4.852295 1.098633 -1.419067
3520	/body/1/gyro/2/ -0.04018084 0.1652964 0.5294128 -0.8311346 14.39513 13.42796 64.16576 -1.693726 0.2288818 1.358032
3520	/body/1/gyro/3/ -0.3566527 -0.6024908 -0.53253 -0.4756212 88.85492 -11.14299 -109.9155 -0.01525879 0.09155273 0.6256104
3520	/body/1/gyro/4/ 0.8278704 -0.3364054 -0.358209 0.2704594 130.9192 -24.27604 52.91556 -2.059937 0.1068115 1.190186
3520	/body/1/gyro/5/ -0.999174 -0.005915487 0.02991972 -0.02685409 176.9386 -3.445997 -3.116305 0.1220703 1.00708 0.5950928
3520	/body/1/gyro/6/ -0.7301692 -0.2207799 0.1797728 0.6211206 -99.42712 0.6722544 -35.60744 -0.6256104 1.296997 1.77002
3522	/body/1/gyro/1/ 0.01095646 -0.09880394 -0.07329767 0.9923433 2.116679 11.21486 6.126601 -4.989624 1.037598 -1.373291
3522	/body/1/gyro/2/ -0.04011826 0.1655434 0.5297464 -0.8308759 14.41149 13.44943 64.21935 -1.63269 0.1525879 1.312256
3522	/body/1/gyro/3/ -0.3563677 -0.6026384 -0.5322741 -0.475934 88.85173 -11.20159 -109.9076 -0.1525879 0.213623 0.6408691
3523	/body/1/gyro/4/ 0.8279236 -0.3363762 -0.3581727 0.2703812 130.9317 -24.27896 52.90768 -2.044678 0.1373291 1.190186
3524	/body/1/gyro/5/ -0.9991605 -0.005858163 0.03115208 -0.02595298 177.0423 -3.586532 -3.109231 0.03051758 0.9460449 0.579834
3524	/body/1/gyro/6/ -0.7293809 -0.2196677 0.1787106 0.6227456 -99.23674 0.7390201 -35.4229 -0.5187988 1.296997 1.663208
3525	/body/1/gyro/1/ -0.009789261 -0.09136266 -0.07609925 0.9928575 -0.3224838 10.53931 6.206182 -4.959106 1.190186 -1.495361
3525	/body/1/gyro/2/ -0.04019315 0.1657106 0.5299096 -0.8307348 14.43294 13.4576 64.2478 -1.663208 0.1373291 1.373291
3525	/body/1/gyro/3/ -0.3562345 -0.6029606 -0.5318908 -0.4760543 88.88583 -11.25222 -109.9083 -0.07629395 0.1831055 0.6561279
3525	/body/1/gyro/4/ 0.8279214 -0.3364065 -0.358108 0.2704358 130.9305 -24.2688 52.90689 -2.075195 0.09155273 1.052856
3525	/body/1/gyro/5/ -0.9990891 0.002926206 0.0300916 -0.03011452 176.5338 -3.437066 -2.09035 0.03051758 0.7476807 0.4882812
3525	/body/1/gyro/6/ -0.7294571 -0.218779 0.178019 0.6231672 -99.20441 0.7424274 -35.28831 -0.7629395 1.281738 1.77002
3527	/body/1/gyro/1/ 0.01097918 -0.0993195 -0.07153146 0.9924204 2.103783 11.2776 5.922986 -4.898071 1.052856 -1.434326
3528	/body/1/gyro/2/ -0.03996452 0.1653313 0.5300633 -0.8307233 14.38696 13.43379 64.25503 -1.63269 0.1678467 1.373291
3528	/body/1/gyro/3/ -0.3560328 -0.6031411 -0.5316692 -0.4762239 88.89432 -11.29597 -109.9089 -0.1678467 0.1068115 0.5645752
3528	/body/1/gyro/4/ 0.827969 -0.3364215 -0.3579943 0.2704219 130.9415 -24.25917 52.89899 -2.044678 0.07629395 1.251221
3528	/body/1/gyro/5/ -0.9992139 0.004690646 0.03040327 -0.02500268 177.1143 -3.4699 -1.904647 0.1068115 0.9155273 0.5340576
3528	/body/1/gyro/6/ -0.729204 -0.2182205 0.177163 0.6239027 -99.13335 0.7976275 -35.17088 -0.5340576 1.281738 1.663208
3530	/body/1/gyro/1/ -0.008991312 -0.08914962 -0.07349764 0.9932621 -0.2769951 10.27772 5.909007 -4.882812 1.12915 -1.434326
3530	/body/1/gyro/2/ -0.04003391 0.1652488 0.5301945 -0.8306527 14.39006 13.4194 64.27083 -1.556396 0.2593994 1.358032
3530	/body/1/gyro/3/ -0.3558854 -0.6032745 -0.5314729 -0.4763844 88.90071 -11.33203 -109.9053 -0.1525879 0.1373291 0.6103516
3530	/body/1/gyro/4/ 0.8279898 -0.3364351 -0.3579181 0.2704424 130.9455 -24.25085 52.89464 -2.075195 0.07629395 1.220703
3530	/body/1/gyro/5/ -0.9990938 0.006371326 0.03101675 -0.02844214 176.713 -3.532509 -1.69786 0.07629395 0.8850098 0.4730225
3530	/body/1/gyro/6/ -0.7294005 -0.2183811 0.1766267 0.6237689 -99.17487 0.8466041 -35.14435 -0.5340576 1.190186 1.754761
3533	/body/1/gyro/1/ 0.01046081 -0.09910704 -0.07051305 0.9925202 2.030049 11.25969 5.797575 -4.91333 0.9765625 -1.464844
3534	/body/1/gyro/2/ -0.03989567 0.1651732 0.53028 -0.8306198 14.37279 13.41959 64.27923 -1.693726 0.213623 1.358032
3534	/body/1/gyro/3/ -0.3558928 -0.6036092 -0.5311182 -0.4763505 88.94844 -11.36256 -109.9105 -0.07629395 0.1220703 0.5645752
3534	/body/1/gyro/4/ 0.8280435 -0.3364249 -0.3578392 0.2703948 130.9579 -24.24741 52.88604 -2.13623 0 1.12915
3534	/body/1/gyro/5/ -0.9992647 0.001362926 0.03033129 -0.02341618 177.308 -3.47162 -2.29211 0.01525879 0.9460449 0.5645752
3534	/body/1/gyro/6/ -0.7294928 -0.2180853 0.1766818 0.6237488 -99.17545 0.8184789 -35.12167 -0.6866455 1.266479 1.617432
3535	/body/1/gyro/1/ -0.009007172 -0.08959943 -0.06478307 0.9938279 -0.3665659 10.32665 4.896019 -4.928589 1.12915 -1.449585
3535	/body/1/gyro/2/ -0.03983424 0.1652507 0.5303565 -0.8305585 14.37343 13.42946 64.29191 -1.754761 0.1220703 1.434326
3535	/body/1/gyro/3/ -0.3558699 -0.6036872 -0.5310212 -0.4763767 88.9575 -11.37421 -109.9102 -0.1068115 0.09155273 0.6256104
3535	/body/1/gyro/4/ 0.8281374 -0.3362885 -0.3577765 0.2703599 130.97 -24.25122 52.864 -2.075195 0.1220703 1.12915
3536	/body/1/gyro/5/ -0.9991778 0.0006795894 0.02955959 -0.0277401 176.8143 -3.384301 -2.357925 0.06103516 0.9460449 0.6103516
3537	/body/1/gyro/6/ -0.7298199 -0.2182221 0.1762767 0.6234329 -99.23785 0.8476132 -35.10329 -0.7171631 1.251221 1.724243
3538	/body/1/gyro/1/ 0.01060737 -0.1 -0.06402037 0.992869 1.979734 11.37419 5.045843 -4.928589 1.022339 -1.403809
3538	/body/1/gyro/2/ -0.04000645 0.1651959 0.5304357 -0.8305105 14.38758 13.41203 64.30214 -1.617432 0.1831055 1.358032
3538	/body/1/gyro/3/ -0.3559172 -0.6032008 -0.5315461 -0.4763722 88.89301 -11.32204 -109.9033 -0.09155273 0.1373291 0.6408691
3538	/body/1/gyro/4/ 0.8281642 -0.3361945 -0.3576969 0.2705 130.963 -24.24142 52.8487 -1.983643 0.09155273 1.251221
3538	/body/1/gyro/5/ -0.9991825 -0.000528646 0.0307866 -0.02619715 176.9953 -3.528817 -2.498048 0.04577637 0.9918213 0.6866455
3538	/body/1/gyro/6/ -0.7296467 -0.218222 0.1764241 0.623594 -99.20849 0.8428157 -35.11445 -0.6866455 1.266479 1.800537
3540	/body/1/gyro/1/ -0.007754393 -0.08917958 -0.07019786 0.9935085 -0.1681462 10.27018 5.538097 -4.91333 1.037598 -1.38855
3540	/body/1/gyro/2/ -0.0399216 0.1653531 0.530732 -0.830294 14.39499 13.42711 64.34755 -1.602173 0.213623 1.419067
3541	/body/1/gyro/3/ -0.3560108 -0.603041 -0.5317644 -0.476261 88.87838 -11.29042 -109.9061 -0.09155273 0.1068115 0.6561279
3542	/body/1/gyro/4/ 0.8281141 -0.3364178 -0.3579344 0.2700615 130.9872 -24.27483 52.88718 -2.120972 0.1373291 1.235962
3542	/body/1/gyro/5/ -0.9991903 -0.0007240299 0.02952852 -0.02731897 176.8674 -3.385215 -2.520444 0.07629395 0.9460449 0.7019043
3542	/body/1/gyro/6/ -0.7301919 -0.2181957 0.1765973 0.6229156 -99.29947 0.7984541 -35.12601 -0.6561279 1.205444 1.663208
3543	/body/1/gyro/1/ 0.0127687 -0.1008209 -0.07384633 0.992078 2.352046 11.4293 6.219442 -4.91333 1.12915 -1.358032
3543	/body/1/gyro/2/ -0.0398187 0.1652203 0.5309927 -0.8301587 14.37996 13.41669 64.37843 -1.678467 0.2288818 1.327515
3543	/body/1/gyro/3/ -0.3561686 -0.603077 -0.5318053 -0.4760516 88.8967 -11.26615 -109.9153 -0.1831055 0.1220703 0.6866455
3543	/body/1/gyro/4/ 0.8280247 -0.3366492 -0.3581383 0.2697765 130.9969 -24.29624 52.9266 -2.059937 0.1220703 1.281738
3543	/body/1/gyro/5/ -0.9991642 -0.00100146 0.03073279 -0.02693308 176.9125 -3.524087 -2.54985 0 0.9613037 0.5493164
3543	/body/1/gyro/6/ -0.730259 -0.218291 0.1765132 0.6228273 -99.31572 0.808726 -35.12833 -0.579834 1.235962 1.724243
3545	/body/1/gyro/1/ -0.007441845 -0.09149592 -0.07854222 0.9926753 -0.02343274 10.53409 6.515677 -4.898071 1.068115 -1.51062
3546	/body/1/gyro/2/ -0.03977797 0.1651818 0.5311629 -0.8300595 14.37606 13.41275 64.40034 -1.602173 0.1068115 1.312256
3547	/body/1/gyro/3/ -0.3559218 -0.603048 -0.5317469 -0.4763381 88.87193 -11.3025 -109.9056 -0.07629395 0.1068115 0.6561279
3547	/body/1/gyro/4/ 0.8279201 -0.3368222 -0.3584012 0.2695321 130.9982 -24.32339 52.96471 -2.029419 0.07629395 1.296997
3547	/body/1/gyro/5/ -0.9991974 0.002520574 0.02978158 -0.02667152 176.9306 -3.404278 -2.149699 0.1068115 0.9460449 0.579834
3547	/body/1/gyro/6/ -0.7297874 -0.2177636 0.1764094 0.6235936 -99.20906 0.808429 -35.07158 -0.6408691 1.327515 1.831055
3548	/body/1/gyro/1/ 0.01222799 -0.1012658 -0.07574147 0.9918966 2.315741 11.48071 6.436112 -4.989624 1.052856 -1.373291
3548	/body/1/gyro/2/ -0.03987107 0.1651587 0.5315399 -0.8298182 14.38948 13.3982 64.45213 -1.647949 0.1525879 1.403809
3548	/body/1/gyro/3/ -0.3558939 -0.603406 -0.5313572 -0.4763406 88.91994 -11.34054 -109.9102 -0.1983643 0.1373291 0.6408691
3548	/body/1/gyro/4/ 0.8278593 -0.3367915 -0.3584472 0.2696961 130.9764 -24.31953 52.96777 -2.151489 0.07629395 1.190186
3548	/body/1/gyro/5/ -0.9992296 0.003591562 0.03010988 -0.02491274 177.1286 -3.439493 -2.031893 0.03051758 0.9002686 0.579834
3549	/body/1/gyro/6/ -0.7297082 -0.2172039 0.1765139 0.623852 -99.16727 0.7677248 -35.02841 -0.7324219 1.266479 1.739502
3551	/body/1/gyro/1/ -0.0006898132 -0.08591443 -0.05876109 0.9945679 0.507367 9.844602 4.276135 -4.91333 1.12915 -1.403809
3551	/body/1/gyro/2/ -0.03951835 0.1649417 0.5318252 -0.8296955 14.34482 13.39536 64.48207 -1.647949 0.213623 1.419067
3551	/body/1/gyro/3/ -0.3557115 -0.6036031 -0.5311188 -0.4764929 88.93241 -11.3835 -109.911 -0.1983643 0.07629395 0.6256104
3551	/body/1/gyro/4/ 0.8278241 -0.3368075 -0.3584404 0.2697935 130.9657 -24.31256 52.97084 -2.044678 0.1220703 1.174927
3551	/body/1/gyro/5/ -0.999141 0.004279123 0.03031063 -0.02793404 176.7793 -3.458761 -1.941964 0.04577637 0.8392334 0.5187988
3551	/body/1/gyro/6/ -0.7296402 -0.2170042 0.1762044 0.6240884 -99.14574 0.78658 -34.9862 -0.4730225 1.251221 1.831055
3553	/body/1/gyro/1/ 0.01108372 -0.1033797 -0.05991953 0.9927736 2.013477 11.76728 4.585385 -4.928589 1.068115 -1.434326
3553	/body/1/gyro/2/ -0.03952696 0.1652034 0.5309659 -0.8301932 14.35011 13.43409 64.37229 -1.602173 0.2441406 1.403809
3553	/body/1/gyro/3/ -0.3553168 -0.6037438 -0.5307927 -0.4769723 88.91916 -11.46323 -109.8944 -0.1373291 0.1525879 0.6408691
3554	/body/1/gyro/4/ 0.8278519 -0.3368585 -0.3583196 0.2698049 130.9738 -24.29904 52.96707 -2.01416 0.09155273 1.12915
3555	/body/1/gyro/5/ -0.9992079 0.003758375 0.03049081 -0.0252962 177.0838 -3.482471 -2.010312 0.1373291 0.869751 0.579834
3555	/body/1/gyro/6/ -0.7292959 -0.216594 0.1762112 0.6246312 -99.06678 0.7771002 -34.94893 -0.5340576 1.296997 1.678467
3556	/body/1/gyro/1/ -0.004286418 -0.0838998 -0.06365341 0.9944298 0.1252942 9.6373 4.80557 -4.943848 1.068115 -1.373291
3556	/body/1/gyro/2/ -0.03976849 0.1652418 0.5302675 -0.8306202 14.36502 13.43432 64.27894 -1.63269 0.1068115 1.342773
3556	/body/1/gyro/3/ -0.3552389 -0.6040644 -0.5303973 -0.4770642 88.9578 -11.50886 -109.8934 -0.1678467 0.07629395 0.5493164
3556	/body/1/gyro/4/ 0.8278652 -0.3365369 -0.3580383 0.2705379 130.9224 -24.25026 52.91842 -2.075195 0.1525879 1.220703
3556	/body/1/gyro/5/ -0.9991566 0.004210477 0.03094447 -0.02666134 176.9252 -3.532358 -1.952274 0.06103516 0.9460449 0.5950928
3556	/body/1/gyro/6/ -0.7295935 -0.2165323 0.1759947 0.624366 -99.11407 0.7781909 -34.92688 -0.6256104 1.266479 1.846313
3558	/body/1/gyro/1/ 0.008492999 -0.1022032 -0.0680042 0.9924001 1.799543 11.63626 5.493509 -4.974365 1.083374 -1.464844
3559	/body/1/gyro/2/ -0.03992779 0.1653799 0.5296814 -0.830959 14.38066 13.44724 64.20381 -1.617432 0.1525879 1.38855
3559	/body/1/gyro/3/ -0.3552995 -0.604274 -0.5301077 -0.4770755 88.99239 -11.52963 -109.8881 -0.1831055 0.1678467 0.6713867
3559	/body/1/gyro/4/ 0.8279682 -0.3363919 -0.3575358 0.271067 130.9091 -24.18518 52.86882 -1.983643 0.07629395 0.9307861
3559	/body/1/gyro/5/ -0.9991841 0.004093242 0.02954622 -0.02723001 176.8614 -3.372159 -1.968156 0.1678467 0.9460449 0.6408691
3559	/body/1/gyro/6/ -0.730185 -0.2176677 0.1770073 0.622992 -99.27142 0.7284934 -35.10935 -0.6103516 1.251221 1.647949
3561	/body/1/gyro/1/ -0.005213923 -0.08521436 -0.07571418 0.993468 0.1479245 9.793924 6.199076 -5.004883 1.113892 -1.358032
3561	/body/1/gyro/2/ -0.03960565 0.1655192 0.5308172 -0.8302217 14.37726 13.4613 64.36267 -1.571655 0.1525879 1.342773
3561	/body/1/gyro/3/ -0.3554995 -0.6040044 -0.5304536 -0.4768833 88.97112 -11.47423 -109.8896 -0.1525879 0.1068115 0.7019043
3561	/body/1/gyro/4/ 0.8281094 -0.3360404 -0.3572403 0.271461 130.8974 -24.15612 52.80951 -1.998901 0.1068115 1.220703
3562	/body/1/gyro/5/ -0.9992477 -0.001654696 0.03078554 -0.02352699 177.3058 -3.531807 -2.636677 0.09155273 0.9460449 0.6561279
3563	/body/1/gyro/6/ -0.7301687 -0.2187675 0.1778742 0.6223786 -99.32439 0.7194309 -35.27678 -0.5645752 1.266479 1.693726
3564	/body/1/gyro/1/ 0.008628538 -0.1030144 -0.07216316 0.9920212 1.872084 11.72062 5.983311 -5.004883 1.052856 -1.464844
3564	/body/1/gyro/2/ -0.03957557 0.1657917 0.5317152 -0.8295938 14.40765 13.47339 64.49518 -1.571655 0.1678467 1.358032
3564	/body/1/gyro/3/ -0.3557797 -0.6039752 -0.5305774 -0.4765735 88.99046 -11.4282 -109.8985 -0.1068115 0.07629395 0.6408691
3564	/body/1/gyro/4/ 0.8281522 -0.3359637 -0.3572789 0.2713745 130.9054 -24.16832 52.80208 -1.968384 0.1373291 1.098633
3564	/body/1/gyro/5/ -0.9991345 -0.00145268 0.03055761 -0.02818334 176.7706 -3.505492 -2.597759 0.1220703 0.9002686 0.50354
3564	/body/1/gyro/6/ -0.7299998 -0.2193533 0.1787995 0.6221055 -99.32546 0.6803759 -35.40161 -0.5493164 1.220703 1.708984
3566	/body/1/gyro/1/ -0.001165344 -0.08178979 -0.06956859 0.9942179 0.5262876 9.369218 5.518414 -4.91333 1.022339 -1.358032
3566	/body/1/gyro/2/ -0.03950704 0.1657685 0.5325145 -0.8290889 14.41221 13.46183 64.60419 -1.602173 0.1525879 1.327515
3566	/body/1/gyro/3/ -0.3558658 -0.6039349 -0.5306407 -0.4764899 88.99199 -11.41208 -109.8997 -0.09155273 0.1678467 0.5950928
3566	/body/1/gyro/4/ 0.8281564 -0.3358635 -0.3573473 0.2713958 130.8992 -24.17814 52.79621 -2.044678 0.1220703 1.205444
3567	/body/1/gyro/5/ -0.9991781 -0.002447224 0.03108113 -0.02590744 177.0353 -3.568279 -2.718293 0.1068115 0.869751 0.4730225
3568	/body/1/gyro/6/ -0.7289075 -0.2187004 0.177928 0.6238634 -99.10745 0.773068 -35.27353 -0.5645752 1.266479 1.708984
3569	/body/1/gyro/1/ 0.007294056 -0.1021174 -0.06894375 0.9923536 1.670771 11.63448 5.588705 -4.959106 1.083374 -1.403809
3569	/body/1/gyro/2/ -0.04047325 0.165602 0.5316396 -0.8296368 14.48014 13.39981 64.48431 -1.617432 0.1678467 1.373291
3569	/body/1/gyro/3/ -0.3557263 -0.6041751 -0.5302981 -0.476671 89.01414 -11.46115 -109.8938 -0.09155273 0.09155273 0.6256104
3569	/body/1/gyro/4/ 0.8281518 -0.335788 -0.3573798 0.2714605 130.8906 -24.18116 52.79106 -1.998901 0.07629395 1.174927
3569	/body/1/gyro/5/ -0.9992027 -0.0003877993 0.02852408 -0.02793282 176.7961 -3.269027 -2.483025 0.1678467 0.8239746 0.6561279
3569	/body/1/gyro/6/ -0.7290862 -0.2183116 0.1772957 0.6239709 -99.118 0.7971509 -35.18932 -0.4882812 1.281738 1.693726
3571	/body/1/gyro/1/ -0.00461337 -0.08327933 -0.07096336 0.9939857 0.153878 9.567631 5.650027 -4.943848 1.098633 -1.327515
3571	/body/1/gyro/2/ -0.04059482 0.1651818 0.5308691 -0.8302078 14.45049 13.36592 64.36515 -1.617432 0.1831055 1.358032
3572	/body/1/gyro/3/ -0.3555335 -0.6043862 -0.5299803 -0.4769006 89.02776 -11.51431 -109.8872 -0.1678467 0.1220703 0.6103516
3572	/body/1/gyro/4/ 0.8281276 -0.3358392 -0.3576531 0.2711105 130.9054 -24.22154 52.81363 -2.029419 0.1373291 1.190186
3572	/body/1/gyro/5/ -0.9991657 -0.0005522432 0.03059969 -0.02704128 176.8985 -3.507442 -2.498351 0.1220703 0.9002686 0.6256104
3572	/body/1/gyro/6/ -0.7293978 -0.2180429 0.1767378 0.6238589 -99.1572 0.815447 -35.12201 -0.6256104 1.266479 1.800537
3574	/body/1/gyro/1/ 0.009606123 -0.1013215 -0.06896011 0.9924143 1.932413 11.52415 5.614883 -5.050659 1.159668 -1.38855
3574	/body/1/gyro/2/ -0.0405256 0.1652395 0.530148 -0.8306604 14.43633 13.38815 64.26731 -1.556396 0.2593994 1.342773
3574	/body/1/gyro/3/ -0.355442 -0.6046194 -0.5296581 -0.4770311 89.05299 -11.55562 -109.8825 -0.1068115 0.1220703 0.6256104
3574	/body/1/gyro/4/ 0.8281092 -0.3359689 -0.3577287 0.2709064 130.9192 -24.23277 52.8317 -2.044678 0.06103516 1.144409
3574	/body/1/gyro/5/ -0.999226 -0.0003338917 0.02894291 -0.02663602 176.9446 -3.316917 -2.479806 0.1678467 0.869751 0.5645752
3574	/body/1/gyro/6/ -0.7291976 -0.2182319 0.1770583 0.6239359 -99.13286 0.8081496 -35.16383 -0.6103516 1.281738 1.739502
3577	/body/1/gyro/1/ -0.003251536 -0.08408529 -0.07123569 0.9939037 0.3205989 9.648808 5.696118 -4.882812 1.12915 -1.480103
3578	/body/1/gyro/2/ -0.039958 0.164838 0.5308094 -0.8303452 14.36403 13.37507 64.34157 -1.754761 0.1220703 1.358032
3578	/body/1/gyro/3/ -0.3558452 -0.6038539 -0.5306228 -0.4766278 88.97882 -11.41932 -109.8859 -0.1220703 0.1373291 0.6561279
3578	/body/1/gyro/4/ 0.8280975 -0.3361013 -0.3577916 0.2706947 130.9349 -24.24321 52.84892 -2.01416 0.09155273 1.190186
3578	/body/1/gyro/5/ -0.9991774 0.002274039 0.0303186 -0.02683554 176.9124 -3.466519 -2.175745 0.1525879 0.9460449 0.50354
3578	/body/1/gyro/6/ -0.7292886 -0.2181695 0.177608 0.6236951 -99.14497 0.7498764 -35.20069 -0.4577637 1.220703 1.77002
3579	/body/1/gyro/1/ 0.009190608 -0.1035124 -0.06889844 0.9921964 1.902606 11.77933 5.610807 -4.943848 1.113892 -1.480103
3579	/body/1/gyro/2/ -0.03975338 0.1650536 0.5313257 -0.8299819 14.36738 13.39948 64.41842 -1.63269 0.1525879 1.358032
3579	/body/1/gyro/3/ -0.3562573 -0.6036134 -0.5310483 -0.4761505 88.97951 -11.32897 -109.8999 -0.1373291 0.1525879 0.6561279
3579	/body/1/gyro/4/ 0.8280722 -0.3362591 -0.3580876 0.2701843 130.9635 -24.28909 52.8832 -2.075195 0.1068115 1.220703
3579	/body/1/gyro/5/ -0.9992467 0.003013108 0.02889538 -0.02573101 177.0374 -3.301615 -2.099064 0.1220703 0.8087158 0.6561279
3579	/body/1/gyro/6/ -0.7293331 -0.2183166 0.1778429 0.6235247 -99.15993 0.7355975 -35.23232 -0.6408691 1.312256 1.785278
3582	/body/1/gyro/1/ 0.004359559 -0.08266633 -0.05950489 0.9947897 1.07526 9.436382 4.405063 -4.928589 1.083374 -1.419067
3582	/body/1/gyro/2/ -0.03959871 0.1651176 0.5317855 -0.829682 14.36418 13.40743 64.48289 -1.63269 0.1983643 1.38855
3582	/body/1/gyro/3/ -0.3563763 -0.6030846 -0.531709 -0.4759942 88.9151 -11.25364 -109.903 -0.1831055 0.1068115 0.6408691
3582	/body/1/gyro/4/ 0.8280021 -0.3364375 -0.3583466 0.2698334 130.9769 -24.32169 52.91972 -2.120972 0.07629395 1.068115
3582	/body/1/gyro/5/ -0.9991716 0.00353858 0.03009759 -0.02716049 176.8708 -3.437121 -2.030265 0.1068115 0.8850098 0.5340576
3582	/body/1/gyro/6/ -0.729174 -0.2182855 0.178238 0.6236088 -99.13137 0.705698 -35.25986 -0.579834 1.266479 1.708984
3584	/body/1/gyro/1/ 0.006781969 -0.1041318 -0.06061355 0.9926916 1.527672 11.88332 4.617264 -4.91333 1.159668 -1.495361
3584	/body/1/gyro/2/ -0.03980329 0.1651683 0.5323652 -0.8292903 14.39674 13.38924 64.56577 -1.693726 0.1373291 1.327515
3584	/body/1/gyro/3/ -0.3562248 -0.602973 -0.5317704 -0.4761802 88.88672 -11.2674 -109.8954 -0.01525879 0.1983643 0.6561279
3584	/body/1/gyro/4/ 0.8279043 -0.3366933 -0.3584922 0.2696207 130.983 -24.33277 52.95849 -2.059937 0.01525879 1.098633
3585	/body/1/gyro/5/ -0.9991798 0.006058612 0.02983049 -0.02670532 176.9147 -3.398971 -1.743608 0.1373291 0.9613037 0.6408691
3586	/body/1/gyro/6/ -0.7292436 -0.2185256 0.1783109 0.6234224 -99.15534 0.7106794 -35.28749 -0.5493164 1.281738 1.708984
3587	/body/1/gyro/1/ 0.005908623 -0.08065277 -0.06256194 0.9947594 1.268117 9.190696 4.769291 -4.943848 1.098633 -1.358032
3587	/body/1/gyro/2/ -0.03945898 0.1653306 0.5327901 -0.8290015 14.3815 13.41908 64.62749 -1.617432 0.1831055 1.358032
3587	/body/1/gyro/3/ -0.3560673 -0.6028488 -0.5319017 -0.4763087 88.85608 -11.27386 -109.8946 -0.1373291 0.04577637 0.6408691
3587	/body/1/gyro/4/ 0.827885 -0.3367148 -0.3582728 0.2699448 130.9651 -24.2946 52.94855 -2.090454 0.09155273 1.113892
3587	/body/1/gyro/5/ -0.9991917 0.007142762 0.02941015 -0.02645745 176.9399 -3.34768 -1.621407 0.07629395 0.9002686 0.5187988
3587	/body/1/gyro/6/ -0.7293429 -0.2187527 0.1783051 0.6232282 -99.1837 0.7204847 -35.30789 -0.4882812 1.235962 1.708984
3589	/body/1/gyro/1/ 0.001708059 -0.1034338 -0.06776645 0.9923236 1.019146 11.83232 5.389015 -4.974365 1.12915 -1.434326
3589	/body/1/gyro/2/ -0.03936751 0.1652393 0.5331798 -0.8287735 14.37252 13.40966 64.67767 -1.617432 0.1983643 1.281738
3590	/body/1/gyro/3/ -0.3562492 -0.6029004 -0.5319213 -0.4760853 88.87859 -11.24887 -109.9032 -0.1678467 0.07629395 0.579834
3591	/body/1/gyro/4/ 0.8278809 -0.3367015 -0.358106 0.2701952 130.9516 -24.26691 52.93755 -2.075195 0.03051758 1.144409
3591	/body/1/gyro/5/ -0.9991445 0.007540716 0.03070845 -0.02665441 176.9145 -3.495054 -1.571013 0.1525879 0.9307861 0.7171631
3591	/body/1/gyro/6/ -0.7289773 -0.2184418 0.1781854 0.6237991 -99.10604 0.7300525 -35.26987 -0.5645752 1.235962 1.678467
3592	/body/1/gyro/1/ 0.01344785 -0.08690502 -0.07235943 0.9934942 2.28574 9.830446 5.997962 -4.989624 1.144409 -1.449585
3592	/body/1/gyro/2/ -0.03965622 0.1651264 0.5327138 -0.8290818 14.38515 13.38869 64.61153 -1.647949 0.1525879 1.358032
3592	/body/1/gyro/3/ -0.3566478 -0.6023496 -0.5327421 -0.4755661 88.83472 -11.12274 -109.9211 -0.1220703 0.06103516 0.579834
3592	/body/1/gyro/4/ 0.827935 -0.3365372 -0.3580059 0.2703666 130.9444 -24.25726 52.91274 -2.120972 0.09155273 1.266479
3592	/body/1/gyro/5/ -0.9992674 -0.0001037981 0.02909534 -0.02486087 177.1476 -3.333815 -2.458877 0.04577637 0.9613037 0.5340576
3593	/body/1/gyro/6/ -0.7290857 -0.2185293 0.1777437 0.6237677 -99.12892 0.7702118 -35.24384 -0.6713867 1.251221 1.617432
3594	/body/1/gyro/1/ -0.00313672 -0.1069337 -0.07261991 0.9916056 0.545918 12.27053 5.905802 -4.898071 1.159668 -1.434326
3595	/body/1/gyro/2/ -0.039782 0.1651895 0.5323268 -0.8293117 14.39554 13.39325 64.56104 -1.693726 0.2593994 1.403809
3595	/body/1/gyro/3/ -0.3568467 -0.6020628 -0.5332114 -0.4752541 88.81123 -11.05295 -109.9358 -0.09155273 0.1373291 0.6103516
3595	/body/1/gyro/4/ 0.8279632 -0.3364441 -0.3579305 0.2704958 130.9383 -24.24838 52.89769 -2.01416 0.07629395 1.12915
3595	/body/1/gyro/5/ -0.9991909 -0.00159233 0.02976436 -0.02700347 176.9066 -3.414934 -2.620378 0 0.9307861 0.6256104
3595	/body/1/gyro/6/ -0.7291591 -0.2182723 0.1777939 0.6237575 -99.12826 0.7458879 -35.22431 -0.4425049 1.205444 1.831055
3597	/body/1/gyro/1/ 0.01138638 -0.09053636 -0.06863137 0.9934602 2.041426 10.27225 5.5573 -4.91333 1.113892 -1.38855
3597	/body/1/gyro/2/ -0.03961414 0.1653214 0.5319902 -0.8295095 14.3831 13.42208 64.51788 -1.602173 0.1373291 1.480103
3597	/body/1/gyro/3/ -0.3568359 -0.6016949 -0.533725 -0.4751516 88.75882 -11.00462 -109.9457 -0.1220703 0.09155273 0.6256104
3597	/body/1/gyro/4/ 0.8279926 -0.3363749 -0.3578477 0.2706016 130.9349 -24.23897 52.88446 -2.044678 0.07629395 1.00708
3597	/body/1/gyro/5/ -0.9992374 -0.002621426 0.02914438 -0.02585355 177.0421 -3.346822 -2.744187 0.09155273 0.8239746 0.6256104
3598	/body/1/gyro/6/ -0.728904 -0.2181596 0.1780179 0.6240312 -99.07935 0.7311709 -35.23109 -0.793457 1.281738 1.724243
3600	/body/1/gyro/1/ -0.002972318 -0.1073083 -0.0701783 0.9917414 0.5375407 12.31355 5.623301 -4.943848 1.083374 -1.449585
3600	/body/1/gyro/2/ -0.03927734 0.165045 0.5329333 -0.828975 14.34636 13.40142 64.63672 -1.693726 0.06103516 1.434326
3600	/body/1/gyro/3/ -0.3564352 -0.6021152 -0.5332319 -0.4754735 88.78413 -11.09606 -109.9488 -0.1525879 0.07629395 0.6713867
3600	/body/1/gyro/4/ 0.8280522 -0.3360484 -0.3576651 0.2710659 130.9051 -24.21415 52.8387 -2.090454 0.1373291 1.266479
3600	/body/1/gyro/5/ -0.9991291 0.001690859 0.03168826 -0.02709352 176.8841 -3.625214 -2.237442 0.1220703 0.9613037 0.5187988
3600	/body/1/gyro/6/ -0.7291046 -0.2182845 0.1780063 0.6237565 -99.11961 0.7301016 -35.24179 -0.5950928 1.266479 1.663208
3602	/body/1/gyro/1/ 0.01354087 -0.08949988 -0.06760981 0.9935971 2.271183 10.13818 5.456926 -4.898071 1.052856 -1.327515
3602	/body/1/gyro/2/ -0.0391074 0.1651084 0.5337383 -0.8284523 14.34719 13.4044 64.7488 -1.678467 0.213623 1.449585
3602	/body/1/gyro/3/ -0.3562567 -0.6024114 -0.5328873 -0.4756183 88.81075 -11.14814 -109.9507 -0.1068115 0.1373291 0.6256104
3603	/body/1/gyro/4/ 0.8281887 -0.335829 -0.3573845 0.2712909 130.9085 -24.18906 52.79334 -1.968384 0.1220703 1.190186
3604	/body/1/gyro/5/ -0.9991645 0.001974408 0.03092304 -0.02664832 176.9346 -3.536776 -2.208896 0.04577637 0.9155273 0.579834
3604	/body/1/gyro/6/ -0.729215 -0.2187646 0.1775304 0.6235949 -99.1628 0.7978883 -35.249 -0.4577637 1.266479 1.831055
3605	/body/1/gyro/1/ -0.004385557 -0.1043431 -0.06888831 0.992143 0.332333 11.98472 5.448669 -4.928589 1.052856 -1.434326
3605	/body/1/gyro/2/ -0.03897991 0.1654209 0.5343158 -0.8280237 14.36589 13.43191 64.838 -1.647949 0.1068115 1.403809
3605	/body/1/gyro/3/ -0.3562031 -0.6027778 -0.5325133 -0.4756131 88.85772 -11.18703 -109.9584 -0.1525879 0.1220703 0.6408691
3605	/body/1/gyro/4/ 0.8282937 -0.3356023 -0.3571119 0.2716097 130.9006 -24.15971 52.74944 -2.182007 0.1068115 1.205444
3605	/body/1/gyro/5/ -0.999156 0.002239879 0.02965706 -0.02833341 176.7409 -3.390286 -2.176635 -0.01525879 0.9002686 0.5493164
3605	/body/1/gyro/6/ -0.7292434 -0.2179399 0.1774947 0.6238605 -99.12569 0.7479889 -35.17091 -0.7781982 1.251221 1.647949
3608	/body/1/gyro/1/ 0.01278134 -0.09175568 -0.06664377 0.9934667 2.192365 10.40522 5.345181 -4.943848 0.9307861 -1.434326
3608	/body/1/gyro/2/ -0.03914674 0.1650877 0.5328884 -0.8290015 14.33599 13.41451 64.63109 -1.617432 0.1525879 1.373291
3608	/body/1/gyro/3/ -0.3562568 -0.6029253 -0.5323719 -0.4755441 88.88294 -11.19291 -109.9621 -0.04577637 0.1525879 0.793457
3608	/body/1/gyro/4/ 0.8280921 -0.3354503 -0.3574186 0.2720084 130.8326 -24.17094 52.76384 -2.89917 0.1525879 0.9460449
3608	/body/1/gyro/5/ -0.9992069 -0.0147251 0.02971535 -0.02204016 177.5213 -3.441687 -4.144108 -1.159668 1.937866 0.579834
3608	/body/1/gyro/6/ -0.7298629 -0.2181545 0.176356 0.6233838 -99.24169 0.8340552 -35.10327 -0.9307861 1.12915 1.876831
3610	/body/1/gyro/1/ -0.0106946 -0.1050385 -0.07294514 0.9917316 -0.3450603 12.11651 5.846816 -5.096436 1.205444 -1.480103
3610	/body/1/gyro/2/ -0.03998567 0.1657447 0.5315641 -0.8296803 14.44166 13.4455 64.47546 -1.556396 0.4577637 1.327515
3610	/body/1/gyro/3/ -0.3563449 -0.6032242 -0.5320646 -0.4754431 88.93233 -11.20971 -109.9672 -0.03051758 0.2288818 0.6408691
3610	/body/1/gyro/4/ 0.8281269 -0.3353294 -0.3574404 0.2720228 130.8316 -24.1783 52.75155 -2.365112 0.06103516 1.235962
3611	/body/1/gyro/5/ -0.9989406 -0.02416025 0.03125359 -0.02360485 177.3783 -3.645414 -5.217511 -0.9460449 1.846313 0.4425049
3612	/body/1/gyro/6/ -0.7303483 -0.2179295 0.1767148 0.6227921 -99.31245 0.7633661 -35.11089 -1.434326 1.205444 1.419067
3613	/body/1/gyro/1/ 0.008268797 -0.09548952 -0.07014205 0.9929217 1.739783 10.86335 5.717 -5.004883 1.159668 -1.541138
3613	/body/1/gyro/2/ -0.03986324 0.1653074 0.5306357 -0.8303675 14.38462 13.42816 64.33239 -1.647949 0.07629395 1.327515
3613	/body/1/gyro/3/ -0.3562572 -0.6032448 -0.5320442 -0.4755055 88.92789 -11.22156 -109.9684 -0.1220703 0.1068115 0.6103516
3613	/body/1/gyro/4/ 0.8282155 -0.3352601 -0.357368 0.2719337 130.8492 -24.18086 52.73574 -2.182007 0.09155273 1.266479
3613	/body/1/gyro/5/ -0.9987532 -0.02914448 0.03071592 -0.02644155 177.0693 -3.606084 -5.780655 -0.2593994 1.144409 0.579834
3613	/body/1/gyro/6/ -0.729853 -0.2179257 0.1767453 0.6233652 -99.22831 0.7848864 -35.11238 -0.289917 1.281738 1.739502
3615	/body/1/gyro/1/ 0.0003571326 -0.1053069 -0.07416363 0.9916704 0.9566683 12.05242 6.124981 -5.111694 1.190186 -1.480103
3615	/body/1/gyro/2/ -0.03927073 0.1647796 0.5315921 -0.8298888 14.30589 13.39986 64.44305 -1.693726 0.1525879 1.342773
3616	/body/1/gyro/3/ -0.3557824 -0.6035257 -0.5316402 -0.4759562 88.92764 -11.31525 -109.9631 -0.213623 0.09155273 0.7019043
3617	/body/1/gyro/4/ 0.8282609 -0.3349329 -0.3572999 0.2722877 130.8219 -24.1721 52.69751 -2.487183 0.1220703 1.098633
3617	/body/1/gyro/5/ -0.9988977 -0.01216954 0.03014253 -0.03386195 176.156 -3.499669 -3.808517 -0.6408691 1.556396 0.5493164
3617	/body/1/gyro/6/ -0.7299625 -0.2179599 0.1768687 0.6231899 -99.24858 0.7704053 -35.12514 -0.6103516 1.312256 1.831055
3618	/body/1/gyro/1/ 0.01398736 -0.08378927 -0.07350961 0.99367 2.330865 9.465944 6.124836 -4.989624 0.9918213 -1.480103
3618	/body/1/gyro/2/ -0.03890559 0.1645937 0.5324828 -0.8293717 14.27184 13.39044 64.55743 -1.678467 0.2288818 1.342773
3618	/body/1/gyro/3/ -0.3556972 -0.603709 -0.5314112 -0.4760432 88.94631 -11.3464 -109.9624 -0.03051758 0.06103516 0.6561279
3618	/body/1/gyro/4/ 0.828302 -0.3346408 -0.357215 0.2726333 130.7963 -24.16057 52.66191 -2.502441 0.1068115 1.144409
3618	/body/1/gyro/5/ -0.9991077 -0.004046702 0.030263 -0.02918347 176.6648 -3.480463 -2.892771 -0.579834 1.403809 0.6561279
3618	/body/1/gyro/6/ -0.7299234 -0.2179447 0.1774835 0.6230662 -99.24107 0.715597 -35.17117 -0.7476807 1.144409 1.815796
3620	/body/1/gyro/1/ -0.0006493482 -0.1017542 -0.07489533 0.991986 0.81633 11.65246 6.188622 -5.050659 1.022339 -1.464844
3620	/body/1/gyro/2/ -0.03920446 0.1648329 0.5331575 -0.8288765 14.32813 13.38233 64.66023 -1.663208 0.1068115 1.403809
3621	/body/1/gyro/3/ -0.3556017 -0.6038662 -0.5312067 -0.4761433 88.96046 -11.37664 -109.9609 -0.09155273 0.09155273 0.6103516
3622	/body/1/gyro/4/ 0.8283911 -0.3343593 -0.3571163 0.2728369 130.7875 -24.1554 52.62393 -2.334595 0.1373291 1.296997
3622	/body/1/gyro/5/ -0.9992071 -0.00681586 0.02966986 -0.02565815 177.0788 -3.419289 -3.224438 0.09155273 0.9002686 0.6561279
3622	/body/1/gyro/6/ -0.7296797 -0.218171 0.1777309 0.623202 -99.21123 0.7194205 -35.2107 -0.7019043 1.205444 1.937866
3623	/body/1/gyro/1/ 0.01528057 -0.08865497 -0.07274988 0.9932846 2.517494 10.01441 6.068531 -4.989624 1.037598 -1.480103
3623	/body/1/gyro/2/ -0.03963803 0.1651219 0.5330167 -0.8288889 14.38791 13.38422 64.65305 -1.663208 0.1373291 1.358032
3623	/body/1/gyro/3/ -0.3555965 -0.603729 -0.5313893 -0.4761175 88.94071 -11.35991 -109.9633 -0.1678467 0.07629395 0.6256104
3623	/body/1/gyro/4/ 0.82839 -0.3343474 -0.3575036 0.2723472 130.8096 -24.21662 52.64593 -2.258301 0.1373291 1.144409
3623	/body/1/gyro/5/ -0.9990897 -0.007325782 0.03157732 -0.0277304 176.8438 -3.640929 -3.26988 0.07629395 0.9460449 0.5187988
3624	/body/1/gyro/6/ -0.7295122 -0.2184384 0.1779662 0.6232373 -99.19642 0.7231447 -35.25315 -0.5493164 1.281738 1.754761
3626	/body/1/gyro/1/ -0.005843829 -0.1049478 -0.07422041 0.991687 0.2336596 12.06482 6.055061 -4.91333 1.052856 -1.358032
3626	/body/1/gyro/2/ -0.03969715 0.165157 0.5328845 -0.8289641 14.39396 13.38602 64.63634 -1.647949 0.06103516 1.38855
3626	/body/1/gyro/3/ -0.3556507 -0.6035603 -0.5315917 -0.4760651 88.92149 -11.33505 -109.9632 -0.1373291 0.1220703 0.6866455
3626	/body/1/gyro/4/ 0.8284463 -0.3343694 -0.3576618 0.271941 130.8413 -24.25194 52.65445 -2.13623 0.1068115 1.296997
3626	/body/1/gyro/5/ -0.9992276 -0.007832629 0.02878215 -0.02557981 177.0907 -3.320461 -3.343886 0.3967285 0.6408691 0.5187988
3626	/body/1/gyro/6/ -0.7293554 -0.2185766 0.1778183 0.6234145 -99.17693 0.753013 -35.2542 -0.3051758 1.296997 1.754761
3628	/body/1/gyro/1/ 0.01202547 -0.09225688 -0.07187255 0.9930652 2.164751 10.45747 5.947193 -4.91333 1.144409 -1.419067
3628	/body/1/gyro/2/ -0.0396913 0.1656823 0.5327106 -0.8289713 14.42717 13.43863 64.62959 -1.617432 0.1678467 1.342773
3628	/body/1/gyro/3/ -0.3559741 -0.603273 -0.5320184 -0.4757105 88.90817 -11.25624 -109.9714 -0.213623 0.1220703 0.6256104
3629	/body/1/gyro/4/ 0.8284683 -0.3344271 -0.3578027 0.2716177 130.8644 -24.27921 52.66722 -2.27356 0.1220703 1.144409
3630	/body/1/gyro/5/ -0.9990281 -0.02079458 0.02947729 -0.02532618 177.1646 -3.436976 -4.829772 0.2288818 0.6866455 0.5187988
3630	/body/1/gyro/6/ -0.729323 -0.2185924 0.1778452 0.6234391 -99.17226 0.7531714 -35.25769 -0.6103516 1.296997 1.785278
3631	/body/1/gyro/1/ -0.004585247 -0.1064635 -0.07558476 0.991429 0.4105097 12.22758 6.233358 -4.943848 0.9918213 -1.51062
3631	/body/1/gyro/2/ -0.04002154 0.1653093 0.5315609 -0.8297675 14.41484 13.40241 64.46094 -1.678467 0.1220703 1.327515
3631	/body/1/gyro/3/ -0.3559518 -0.6029921 -0.5323498 -0.4757126 88.86684 -11.22838 -109.9713 -0.07629395 0.1373291 0.6713867
3631	/body/1/gyro/4/ 0.8284318 -0.3344348 -0.35787 0.2716303 130.857 -24.28379 52.67397 -2.105713 0.07629395 1.266479
3631	/body/1/gyro/5/ -0.9988819 -0.02440644 0.02932888 -0.02791383 176.8798 -3.437214 -5.235703 0.2288818 0.7324219 0.5950928
3631	/body/1/gyro/6/ -0.7293288 -0.2189185 0.1774944 0.623418 -99.1899 0.8051491 -35.26041 -0.6866455 1.251221 1.876831
3633	/body/1/gyro/1/ 0.01245202 -0.09072087 -0.06986766 0.9933444 2.179247 10.28206 5.712725 -4.974365 1.083374 -1.373291
3634	/body/1/gyro/2/ -0.03964236 0.1654328 0.5305737 -0.8303927 14.37093 13.45502 64.32655 -1.739502 0.1373291 1.464844
3635	/body/1/gyro/3/ -0.3560087 -0.6027473 -0.5326616 -0.4756312 88.83722 -11.19253 -109.9736 -0.06103516 0.1220703 0.6408691
3635	/body/1/gyro/4/ 0.8284222 -0.3344242 -0.3579867 0.2715192 130.8597 -24.30055 52.68042 -1.968384 0.1373291 1.251221
3635	/body/1/gyro/5/ -0.9989009 -0.02559053 0.02921906 -0.02623635 177.076 -3.423551 -5.377642 0.1678467 0.7629395 0.5645752
3635	/body/1/gyro/6/ -0.7292847 -0.2189424 0.1777995 0.6233742 -99.1836 0.7811449 -35.28611 -0.6713867 1.266479 1.861572
3636	/body/1/gyro/1/ -0.004742343 -0.105286 -0.07136564 0.9918666 0.3293177 12.09517 5.735665 -4.928589 1.052856 -1.495361
3636	/body/1/gyro/2/ -0.04004163 0.165343 0.5298632 -0.830845 14.39205 13.43345 64.22836 -1.647949 0.1525879 1.342773
3636	/body/1/gyro/3/ -0.3558215 -0.603193 -0.5321473 -0.475782 88.88418 -11.26095 -109.9766 -0.09155273 0.09155273 0.6561279
3636	/body/1/gyro/4/ 0.8285211 -0.3344314 -0.3579038 0.2713178 130.8893 -24.30458 52.67079 -1.998901 0.03051758 1.266479
3636	/body/1/gyro/5/ -0.998922 -0.0172165 0.03033549 -0.03062791 176.5453 -3.535111 -4.398155 0 0.9307861 0.50354
3636	/body/1/gyro/6/ -0.729356 -0.2189818 0.1780185 0.6232144 -99.19765 0.7601918 -35.30671 -0.6408691 1.235962 1.754761
3639	/body/1/gyro/1/ 0.01254899 -0.09110621 -0.06886467 0.993378 2.183326 10.32768 5.598558 -4.898071 1.037598 -1.419067
3639	/body/1/gyro/2/ -0.04025062 0.1658261 0.530655 -0.830233 14.45843 13.45197 64.3546 -1.617432 0.1983643 1.358032
3639	/body/1/gyro/3/ -0.3555652 -0.6034908 -0.5317608 -0.4760281 88.90462 -11.32686 -109.9744 -0.1068115 0.1220703 0.6256104
3639	/body/1/gyro/4/ 0.8285462 -0.3342492 -0.3578505 0.2715358 130.8731 -24.29722 52.64861 -1.876831 0.1220703 1.251221
3639	/body/1/gyro/5/ -0.9991021 -0.01488919 0.02953231 -0.02648149 177.0119 -3.428342 -4.148136 0.09155273 0.8850098 0.6256104
3639	/body/1/gyro/6/ -0.7290483 -0.2191749 0.1780532 0.6234966 -99.15541 0.7844521 -35.32672 -0.4882812 1.358032 1.693726
3641	/body/1/gyro/1/ -0.008570264 -0.1050219 -0.07039225 0.9919385 -0.1299033 12.09639 5.57454 -4.943848 1.068115 -1.373291
3641	/body/1/gyro/2/ -0.03998011 0.1655449 0.5313103 -0.829883 14.42319 13.43147 64.43388 -1.617432 0.1068115 1.266479
3641	/body/1/gyro/3/ -0.3555851 -0.603752 -0.5314665 -0.4760107 88.94304 -11.35116 -109.9762 -0.1525879 0.1373291 0.579834
3641	/body/1/gyro/4/ 0.8286341 -0.3341377 -0.3576331 0.2716913 130.8766 -24.27579 52.6201 -1.968384 0.01525879 1.12915
3642	/body/1/gyro/5/ -0.9991006 -0.0132538 0.03062276 -0.02616463 177.044 -3.547959 -3.958479 0.289917 0.8087158 0.6408691
3643	/body/1/gyro/6/ -0.7288333 -0.2180419 0.1767429 0.6245172 -99.06167 0.8428302 -35.12169 -0.7171631 1.220703 1.815796
3644	/body/1/gyro/1/ 0.009681569 -0.09392056 -0.06835771 0.993183 1.870257 10.67495 5.519311 -4.943848 0.9613037 -1.449585
3644	/body/1/gyro/2/ -0.0398483 0.1657164 0.5317854 -0.8295507 14.42994 13.44777 64.50414 -1.586914 0.1373291 1.296997
3645	/body/1/gyro/3/ -0.3554493 -0.6035574 -0.5316109 -0.4761975 88.90427 -11.35595 -109.9666 -0.1220703 0.1678467 0.6561279
3645	/body/1/gyro/4/ 0.828719 -0.3342862 -0.357662 0.2712112 130.925 -24.29773 52.63158 -1.968384 0.1220703 1.281738
3645	/body/1/gyro/5/ -0.999073 1.813344e-05 0.02999361 -0.03087839 176.4562 -3.435823 -2.4216 0.1831055 0.8544922 0.6866455
3645	/body/1/gyro/6/ -0.7287839 -0.2169359 0.1757955 0.625227 -98.99754 0.8614457 -34.94743 -0.6256104 1.220703 1.739502
3646	/body/1/gyro/1/ -0.007335309 -0.1044978 -0.07157587 0.991919 0.02384119 12.02607 5.727016 -4.974365 1.12915 -1.434326
3646	/body/1/gyro/2/ -0.0399332 0.1654724 0.5313009 -0.8299058 14.41346 13.4278 64.42989 -1.663208 0.1678467 1.327515
3646	/body/1/gyro/3/ -0.3555162 -0.6036323 -0.5315284 -0.4761449 88.9204 -11.35568 -109.9669 -0.1220703 0.1831055 0.6103516
3647	/body/1/gyro/4/ 0.8286508 -0.3344656 -0.3577906 0.2710287 130.9309 -24.30962 52.66031 -2.029419 0.1068115 1.083374
3647	/body/1/gyro/5/ -0.9991589 0.005100622 0.03110958 -0.02622479 176.972 -3.548837 -1.851197 0.09155273 0.8239746 0.5645752
3648	/body/1/gyro/6/ -0.7288743 -0.2161498 0.175046 0.625604 -98.97336 0.8752403 -34.81787 -0.5493164 1.266479 1.77002
3649	/body/1/gyro/1/ 0.01284096 -0.09495096 -0.06987724 0.9929434 2.261762 10.76419 5.734089 -4.928589 1.144409 -1.342773
3649	/body/1/gyro/2/ -0.03959107 0.1652468 0.530906 -0.8302198 14.35837 13.43512 64.36587 -1.663208 0.2288818 1.358032
3649	/body/1/gyro/3/ -0.3555363 -0.6037428 -0.5314415 -0.4760867 88.93765 -11.36008 -109.9722 -0.01525879 0.04577637 0.6256104
3649	/body/1/gyro/4/ 0.8285539 -0.3345495 -0.3580186 0.2709202 130.9218 -24.33072 52.68727 -2.197266 0.1068115 1.235962
3649	/body/1/gyro/5/ -0.9991035 0.008474377 0.03117142 -0.02736188 176.8294 -3.544469 -1.459933 -0.01525879 0.9613037 0.6561279
3649	/body/1/gyro/6/ -0.728995 -0.2162849 0.175244 0.6253613 -99.0005 0.8599482 -34.84565 -0.3662109 1.235962 1.846313
3651	/body/1/gyro/1/ -0.008479139 -0.1009883 -0.07314038 0.9921592 -0.1200754 11.63249 5.89002 -5.004883 1.068115 -1.464844
