11	/track 81 6.06842 3.458583 0.8911043 0.0419437 0.9003848 0.4350945 0.09217031
11	/track 81 6.06842 3.458583 0.8911043 0.0419437 0.9003848 0.4350945 0.09217031
13	/track 81 6.068624 3.459184 0.8911342 0.04177728 0.6769184 0.7360581 0.07025445
13	/track 81 6.068624 3.459184 0.8911342 0.04177728 0.6769184 0.7360581 0.07025445
16	/track 81 6.068442 3.458886 0.8911075 0.04185983 0.7790396 0.6269747 0.05964912
16	/track 81 6.068442 3.458886 0.8911075 0.04185983 0.7790396 0.6269747 0.05964912
20	/track 81 6.066127 3.453301 0.8907675 0.04340691 0.9935734 0.1131896 0.07591917
20	/track 81 6.066127 3.453301 0.8907675 0.04340691 0.9935734 0.1131896 0.07591917
22	/track 81 6.070047 3.46242 0.8913432 0.04088093 0.7589532 0.6511451 0.09629731
22	/track 81 6.070047 3.46242 0.8913432 0.04088093 0.7589532 0.6511451 0.09629731
25	/track 81 6.071329 3.465216 0.8915315 0.04010643 0.6500566 0.7598857 0.1009214
25	/track 81 6.071329 3.465216 0.8915315 0.04010643 0.6500566 0.7598857 0.1009214
27	/track 81 6.071888 3.46611 0.8916136 0.03985876 0.8935845 0.4488949 0.08149616
27	/track 81 6.071888 3.46611 0.8916136 0.03985876 0.8935845 0.4488949 0.08149616
30	/track 81 6.070676 3.463432 0.8914355 0.0406007 0.9989823 0.04510455 0.08291529
30	/track 81 6.070676 3.463432 0.8914355 0.0406007 0.9989823 0.04510455 0.08291529
32	/track 81 6.071681 3.46579 0.891583 0.03994739 0.9736092 0.2282214 0.08818179
32	/track 81 6.071681 3.46579 0.891583 0.03994739 0.9736092 0.2282214 0.08818179
35	/track 81 6.07144 3.46504 0.8915477 0.04015504 0.8689312 -0.4949329 0.06872973
35	/track 81 6.07144 3.46504 0.8915477 0.04015504 0.8689312 -0.4949329 0.06872973
38	/track 81 6.07141 3.465111 0.8915433 0.04013542 0.7353575 -0.6776795 0.0604162
38	/track 81 6.07141 3.465111 0.8915433 0.04013542 0.7353575 -0.6776795 0.0604162
41	/track 81 6.069929 3.461688 0.8913258 0.04108362 0.5818673 -0.8132837 0.07395753
41	/track 81 6.069929 3.461688 0.8913258 0.04108362 0.5818673 -0.8132837 0.07395753
43	/track 81 6.067956 3.457116 0.8910362 0.04235027 0.1419293 -0.9898768 0.08071542
43	/track 81 6.067956 3.457116 0.8910362 0.04235027 0.1419293 -0.9898768 0.08071542
46	/track 81 6.068674 3.458823 0.8911416 0.04187733 0.4835378 -0.8753235 0.07571523
46	/track 81 6.068674 3.458823 0.8911416 0.04187733 0.4835378 -0.8753235 0.07571523
49	/track 81 6.069219 3.460185 0.8912216 0.04150009 0.9444796 -0.3285702 0.06280353
49	/track 81 6.069219 3.460185 0.8912216 0.04150009 0.9444796 -0.3285702 0.06280353
51	/track 81 6.068833 3.459583 0.891165 0.04166678 0.8399745 -0.5426258 0.0657478
51	/track 81 6.068833 3.459583 0.891165 0.04166678 0.8399745 -0.5426258 0.0657478
54	/track 81 6.069828 3.461878 0.891311 0.04103104 0.9968054 -0.07986808 0.06810477
54	/track 81 6.069828 3.461878 0.891311 0.04103104 0.9968054 -0.07986808 0.06810477
56	/track 81 6.072713 3.468325 0.8917347 0.03924508 0.8901657 0.4556367 0.0861608
56	/track 81 6.072713 3.468325 0.8917347 0.03924508 0.8901657 0.4556367 0.0861608
59	/track 81 6.073501 3.469858 0.8918504 0.03882062 0.7694897 0.6386594 0.07963682
59	/track 81 6.073501 3.469858 0.8918504 0.03882062 0.7694897 0.6386594 0.07963682
62	/track 81 6.069977 3.461711 0.8913329 0.04107741 0.869567 0.493815 0.1190524
62	/track 81 6.069977 3.461711 0.8913329 0.04107741 0.869567 0.493815 0.1190524
65	/track 81 6.070289 3.462708 0.8913788 0.04080128 0.8514141 0.5244942 0.09522297
65	/track 81 6.070289 3.462708 0.8913788 0.04080128 0.8514141 0.5244942 0.09522297
67	/track 81 6.069556 3.46115 0.8912711 0.04123261 0.9960532 0.08875827 0.07928779
67	/track 81 6.069556 3.46115 0.8912711 0.04123261 0.9960532 0.08875827 0.07928779
70	/track 81 6.069762 3.461625 0.8913013 0.04110105 0.9008676 0.4340939 0.0671125
70	/track 81 6.069762 3.461625 0.8913013 0.04110105 0.9008676 0.4340939 0.0671125
72	/track 81 6.069993 3.461797 0.8913352 0.04105363 0.9641394 0.2653961 0.05096829
72	/track 81 6.069993 3.461797 0.8913352 0.04105363 0.9641394 0.2653961 0.05096829
75	/track 81 6.069572 3.461103 0.8912734 0.04124569 0.9844187 -0.1758406 0.04566914
75	/track 81 6.069572 3.461103 0.8912734 0.04124569 0.9844187 -0.1758406 0.04566914
78	/track 81 6.073272 3.469534 0.8918167 0.03891037 0.9132113 0.4074863 0.08379291
78	/track 81 6.073272 3.469534 0.8918167 0.03891037 0.9132113 0.4074863 0.08379291
80	/track 81 6.071322 3.464953 0.8915305 0.04017914 0.9825023 0.1862504 0.1162718
80	/track 81 6.071322 3.464953 0.8915305 0.04017914 0.9825023 0.1862504 0.1162718
83	/track 81 6.073047 3.468957 0.8917837 0.03907007 0.8679364 0.4966751 0.1192227
83	/track 81 6.073047 3.468957 0.8917837 0.03907007 0.8679364 0.4966751 0.1192227
86	/track 81 6.074394 3.472147 0.8919815 0.0381866 0.9509116 0.3094623 0.1107126
86	/track 81 6.074394 3.472147 0.8919815 0.0381866 0.9509116 0.3094623 0.1107126
88	/track 81 6.072753 3.468554 0.8917406 0.03918181 0.9984093 0.05638288 0.1364311
88	/track 81 6.072753 3.468554 0.8917406 0.03918181 0.9984093 0.05638288 0.1364311
91	/track 81 6.072108 3.466891 0.8916458 0.03964247 0.9995599 0.02966367 0.1333954
91	/track 81 6.072108 3.466891 0.8916458 0.03964247 0.9995599 0.02966367 0.1333954
94	/track 81 6.071232 3.464679 0.8915172 0.04025523 0.965622 -0.2599504 0.1225709
94	/track 81 6.071232 3.464679 0.8915172 0.04025523 0.965622 -0.2599504 0.1225709
96	/track 81 6.07103 3.464124 0.8914875 0.04040898 0.9994097 -0.03435329 0.100547
96	/track 81 6.07103 3.464124 0.8914875 0.04040898 0.9994097 -0.03435329 0.100547
99	/track 81 6.070857 3.464102 0.8914621 0.04041492 0.9882923 -0.1525728 0.08242287
99	/track 81 6.070857 3.464102 0.8914621 0.04041492 0.9882923 -0.1525728 0.08242287
102	/track 81 6.070379 3.462788 0.891392 0.04077889 0.6456815 -0.7636068 0.06758219
102	/track 81 6.070379 3.462788 0.891392 0.04077889 0.6456815 -0.7636068 0.06758219
104	/track 81 6.071061 3.464286 0.8914921 0.040364 0.8183975 -0.5746527 0.07046512
104	/track 81 6.071061 3.464286 0.8914921 0.040364 0.8183975 -0.5746527 0.07046512
107	/track 81 6.070405 3.462457 0.8913957 0.04087076 0.5134778 -0.8581029 0.06863159
107	/track 81 6.070405 3.462457 0.8913957 0.04087076 0.5134778 -0.8581029 0.06863159
110	/track 81 6.06844 3.45822 0.8911073 0.04204449 0.380895 -0.9246183 0.1037764
110	/track 81 6.06844 3.45822 0.8911073 0.04204449 0.380895 -0.9246183 0.1037764
112	/track 81 6.068663 3.458699 0.8911399 0.04191154 0.2651729 -0.9642009 0.09804825
112	/track 81 6.068663 3.458699 0.8911399 0.04191154 0.2651729 -0.9642009 0.09804825
115	/track 81 6.06916 3.45976 0.891213 0.04161784 0.3053466 -0.9522413 0.09495054
115	/track 81 6.06916 3.45976 0.891213 0.04161784 0.3053466 -0.9522413 0.09495054
118	/track 81 6.070106 3.461915 0.8913518 0.04102094 0.8390683 -0.5440262 0.08076142
118	/track 81 6.070106 3.461915 0.8913518 0.04102094 0.8390683 -0.5440262 0.08076142
121	/track 81 6.071575 3.465172 0.8915676 0.04011865 0.9912368 0.1320972 0.07915082
121	/track 81 6.071575 3.465172 0.8915676 0.04011865 0.9912368 0.1320972 0.07915082
123	/track 81 6.072979 3.468308 0.8917737 0.03924977 0.9921523 -0.1250348 0.08527624
123	/track 81 6.072979 3.468308 0.8917737 0.03924977 0.9921523 -0.1250348 0.08527624
126	/track 81 6.075523 3.474138 0.8921473 0.03763493 0.9583281 0.2856701 0.1044663
126	/track 81 6.075523 3.474138 0.8921473 0.03763493 0.9583281 0.2856701 0.1044663
129	/track 81 6.072501 3.467116 0.8917035 0.03958019 0.9055372 -0.4242668 0.1184829
129	/track 81 6.072501 3.467116 0.8917035 0.03958019 0.9055372 -0.4242668 0.1184829
131	/track 81 6.070111 3.46166 0.8913526 0.04109141 0.7859344 -0.6183099 0.1230854
131	/track 81 6.070111 3.46166 0.8913526 0.04109141 0.7859344 -0.6183099 0.1230854
134	/track 81 6.070079 3.461735 0.8913479 0.0410708 0.7892895 -0.6140214 0.1054045
134	/track 81 6.070079 3.461735 0.8913479 0.0410708 0.7892895 -0.6140214 0.1054045
137	/track 81 6.070621 3.463287 0.8914275 0.04064079 0.9240042 -0.3823821 0.09007169
137	/track 81 6.070621 3.463287 0.8914275 0.04064079 0.9240042 -0.3823821 0.09007169
140	/track 81 6.074031 3.471164 0.8919282 0.03845863 0.9624838 0.2713391 0.1133193
140	/track 81 6.074031 3.471164 0.8919282 0.03845863 0.9624838 0.2713391 0.1133193
142	/track 81 6.073554 3.469998 0.8918581 0.03878178 0.8962564 -0.4435363 0.08956218
142	/track 81 6.073554 3.469998 0.8918581 0.03878178 0.8962564 -0.4435363 0.08956218
145	/track 81 6.073637 3.469916 0.8918703 0.03880444 0.839625 -0.5431665 0.07324713
145	/track 81 6.073637 3.469916 0.8918703 0.03880444 0.839625 -0.5431665 0.07324713
148	/track 81 6.074314 3.471962 0.8919697 0.03823772 0.9958751 0.09073481 0.0649299
148	/track 81 6.074314 3.471962 0.8919697 0.03823772 0.9958751 0.09073481 0.0649299
150	/track 81 6.073553 3.470722 0.891858 0.03858114 0.9739819 -0.2266258 0.05572163
150	/track 81 6.073553 3.470722 0.891858 0.03858114 0.9739819 -0.2266258 0.05572163
153	/track 81 6.071788 3.466711 0.8915989 0.0396924 0.74944 -0.6620723 0.07138801
153	/track 81 6.071788 3.466711 0.8915989 0.0396924 0.74944 -0.6620723 0.07138801
156	/track 81 6.069496 3.461119 0.8912623 0.04124139 0.2885322 -0.9574702 0.08342297
156	/track 81 6.069496 3.461119 0.8912623 0.04124139 0.2885322 -0.9574702 0.08342297
159	/track 81 6.069151 3.460037 0.8912117 0.0415411 0.01516944 -0.999885 0.06674361
159	/track 81 6.069151 3.460037 0.8912117 0.0415411 0.01516944 -0.999885 0.06674361
161	/track 81 6.073822 3.470529 0.8918976 0.03863471 0.5034753 -0.8640096 0.1104312
161	/track 81 6.073822 3.470529 0.8918976 0.03863471 0.5034753 -0.8640096 0.1104312
164	/track 81 6.072908 3.468273 0.8917633 0.03925968 0.2127186 -0.9771135 0.103444
164	/track 81 6.072908 3.468273 0.8917633 0.03925968 0.2127186 -0.9771135 0.103444
167	/track 81 6.074487 3.471807 0.8919952 0.03828078 0.7586854 -0.6514572 0.09613509
167	/track 81 6.074487 3.471807 0.8919952 0.03828078 0.7586854 -0.6514572 0.09613509
170	/track 81 6.07334 3.469403 0.8918268 0.03894657 0.2714871 -0.962442 0.08478519
170	/track 81 6.07334 3.469403 0.8918268 0.03894657 0.2714871 -0.962442 0.08478519
172	/track 81 6.070385 3.462841 0.8913929 0.04076436 -0.06053182 -0.9981663 0.1022176
172	/track 81 6.070385 3.462841 0.8913929 0.04076436 -0.06053182 -0.9981663 0.1022176
175	/track 81 6.069432 3.4605 0.8912529 0.04141284 -0.06823563 -0.9976692 0.08682338
175	/track 81 6.069432 3.4605 0.8912529 0.04141284 -0.06823563 -0.9976692 0.08682338
178	/track 81 6.067875 3.456694 0.8910242 0.04246697 -0.2224311 -0.9749483 0.08621147
178	/track 81 6.067875 3.456694 0.8910242 0.04246697 -0.2224311 -0.9749483 0.08621147
180	/track 81 6.070011 3.461753 0.8913379 0.04106565 0.008514849 -0.9999638 0.09314741
180	/track 81 6.070011 3.461753 0.8913379 0.04106565 0.008514849 -0.9999638 0.09314741
183	/track 81 6.070918 3.46403 0.891471 0.040435 0.2646168 -0.9643536 0.08938291
183	/track 81 6.070918 3.46403 0.891471 0.040435 0.2646168 -0.9643536 0.08938291
186	/track 81 6.072029 3.466694 0.8916342 0.03969696 0.7618738 -0.6477254 0.08234762
186	/track 81 6.072029 3.466694 0.8916342 0.03969696 0.7618738 -0.6477254 0.08234762
189	/track 81 6.073631 3.470244 0.8918695 0.03871356 0.9995821 0.02891097 0.07977139
189	/track 81 6.073631 3.470244 0.8918695 0.03871356 0.9995821 0.02891097 0.07977139
191	/track 81 6.075381 3.474541 0.8921265 0.03752325 0.8476589 0.5305418 0.08344452
191	/track 81 6.075381 3.474541 0.8921265 0.03752325 0.8476589 0.5305418 0.08344452
194	/track 81 6.073844 3.471198 0.8919008 0.03844925 0.9841065 0.1775794 0.09012531
194	/track 81 6.073844 3.471198 0.8919008 0.03844925 0.9841065 0.1775794 0.09012531
197	/track 81 6.072378 3.467797 0.8916854 0.03939157 0.8449172 -0.5348971 0.08562582
197	/track 81 6.072378 3.467797 0.8916854 0.03939157 0.8449172 -0.5348971 0.08562582
200	/track 81 6.071951 3.466752 0.8916228 0.03968104 0.5369927 -0.8435868 0.07563712
200	/track 81 6.071951 3.466752 0.8916228 0.03968104 0.5369927 -0.8435868 0.07563712
202	/track 81 6.069462 3.460698 0.8912573 0.04135783 0.1212024 -0.9926279 0.0905367
202	/track 81 6.069462 3.460698 0.8912573 0.04135783 0.1212024 -0.9926279 0.0905367
205	/track 81 6.066891 3.454733 0.8908797 0.04301038 -0.06641793 -0.9977918 0.1119625
205	/track 81 6.066891 3.454733 0.8908797 0.04301038 -0.06641793 -0.9977918 0.1119625
208	/track 81 6.067146 3.455487 0.8909172 0.04280135 -0.1574081 -0.9875337 0.09699962
208	/track 81 6.067146 3.455487 0.8909172 0.04280135 -0.1574081 -0.9875337 0.09699962
211	/track 81 6.069504 3.460937 0.8912635 0.04129172 0.1745147 -0.9846546 0.1034465
211	/track 81 6.069504 3.460937 0.8912635 0.04129172 0.1745147 -0.9846546 0.1034465
213	/track 81 6.069026 3.459991 0.8911933 0.04155385 0.07970387 -0.9968187 0.1076309
213	/track 81 6.069026 3.459991 0.8911933 0.04155385 0.07970387 -0.9968187 0.1076309
216	/track 81 6.070114 3.462398 0.891353 0.04088693 0.1094587 -0.9939913 0.1206388
216	/track 81 6.070114 3.462398 0.891353 0.04088693 0.1094587 -0.9939913 0.1206388
219	/track 81 6.073722 3.470391 0.8918828 0.03867295 0.6420869 -0.7666318 0.1330446
219	/track 81 6.073722 3.470391 0.8918828 0.03867295 0.6420869 -0.7666318 0.1330446
221	/track 81 6.074088 3.471389 0.8919366 0.03839655 0.9922743 -0.1240636 0.1027901
221	/track 81 6.074088 3.471389 0.8919366 0.03839655 0.9922743 -0.1240636 0.1027901
224	/track 81 6.075558 3.474715 0.8921524 0.03747511 0.958431 0.2853246 0.1035052
224	/track 81 6.075558 3.474715 0.8921524 0.03747511 0.958431 0.2853246 0.1035052
227	/track 81 6.073408 3.469565 0.8918368 0.03890159 0.9042338 -0.4270379 0.1056013
227	/track 81 6.073408 3.469565 0.8918368 0.03890159 0.9042338 -0.4270379 0.1056013
230	/track 81 6.072466 3.46749 0.8916984 0.03947637 0.7872967 -0.6165745 0.09784509
230	/track 81 6.072466 3.46749 0.8916984 0.03947637 0.7872967 -0.6165745 0.09784509
232	/track 81 6.070256 3.462267 0.8913738 0.04092333 0.636192 -0.7715308 0.1136977
232	/track 81 6.070256 3.462267 0.8913738 0.04092333 0.636192 -0.7715308 0.1136977
235	/track 81 6.069102 3.459605 0.8912045 0.04166077 0.3109019 -0.950442 0.1077966
235	/track 81 6.069102 3.459605 0.8912045 0.04166077 0.3109019 -0.950442 0.1077966
238	/track 81 6.068644 3.458766 0.8911371 0.04189318 -0.07268611 -0.9973548 0.08371121
238	/track 81 6.068644 3.458766 0.8911371 0.04189318 -0.07268611 -0.9973548 0.08371121
241	/track 81 6.068292 3.458129 0.8910855 0.04206965 -0.279301 -0.9602036 0.06496326
241	/track 81 6.068292 3.458129 0.8910855 0.04206965 -0.279301 -0.9602036 0.06496326
244	/track 81 6.07013 3.462259 0.8913554 0.04092544 -0.09747954 -0.9952375 0.07215922
244	/track 81 6.07013 3.462259 0.8913554 0.04092544 -0.09747954 -0.9952375 0.07215922
246	/track 81 6.072738 3.468148 0.8917384 0.03929415 0.3015094 -0.9534632 0.08890145
246	/track 81 6.072738 3.468148 0.8917384 0.03929415 0.3015094 -0.9534632 0.08890145
249	/track 81 6.073696 3.470421 0.891879 0.03866462 0.3068639 -0.9517534 0.08750968
249	/track 81 6.073696 3.470421 0.891879 0.03866462 0.3068639 -0.9517534 0.08750968
252	/track 81 6.072492 3.467894 0.8917022 0.03936469 -0.06241744 -0.9980501 0.07977496
252	/track 81 6.072492 3.467894 0.8917022 0.03936469 -0.06241744 -0.9980501 0.07977496
255	/track 81 6.072155 3.466954 0.8916526 0.0396251 0.136193 -0.9906824 0.07183006
255	/track 81 6.072155 3.466954 0.8916526 0.0396251 0.136193 -0.9906824 0.07183006
258	/track 81 6.074543 3.472014 0.8920033 0.03822325 0.6831002 -0.7303247 0.08242711
258	/track 81 6.074543 3.472014 0.8920033 0.03822325 0.6831002 -0.7303247 0.08242711
260	/track 81 6.073139 3.468931 0.8917972 0.03907733 0.8172771 -0.5762449 0.08269547
260	/track 81 6.073139 3.468931 0.8917972 0.03907733 0.8172771 -0.5762449 0.08269547
263	/track 81 6.070773 3.4636 0.8914498 0.04055414 0.4979897 -0.867183 0.1004911
263	/track 81 6.070773 3.4636 0.8914498 0.04055414 0.4979897 -0.867183 0.1004911
266	/track 81 6.070488 3.463301 0.8914079 0.04063696 0.6891928 -0.724578 0.09749603
266	/track 81 6.070488 3.463301 0.8914079 0.04063696 0.6891928 -0.724578 0.09749603
269	/track 81 6.069816 3.461571 0.8913093 0.04111624 0.8613334 -0.5080402 0.0820734
269	/track 81 6.069816 3.461571 0.8913093 0.04111624 0.8613334 -0.5080402 0.0820734
271	/track 81 6.069904 3.461361 0.8913221 0.04117429 0.8697656 -0.493465 0.06926156
271	/track 81 6.069904 3.461361 0.8913221 0.04117429 0.8697656 -0.493465 0.06926156
274	/track 81 6.070284 3.462342 0.891378 0.04090252 0.9655489 -0.2602215 0.0685254
274	/track 81 6.070284 3.462342 0.891378 0.04090252 0.9655489 -0.2602215 0.0685254
277	/track 81 6.069168 3.460081 0.8912141 0.04152875 0.8636062 -0.5041671 0.07464141
277	/track 81 6.069168 3.460081 0.8912141 0.04152875 0.8636062 -0.5041671 0.07464141
280	/track 81 6.07145 3.465331 0.8915492 0.04007459 0.9576279 -0.2880083 0.117574
280	/track 81 6.07145 3.465331 0.8915492 0.04007459 0.9576279 -0.2880083 0.117574
282	/track 81 6.069515 3.46087 0.891265 0.04131021 0.8613222 -0.508059 0.1129395
282	/track 81 6.069515 3.46087 0.891265 0.04131021 0.8613222 -0.508059 0.1129395
285	/track 81 6.068971 3.459502 0.8911851 0.0416893 0.8629603 -0.5052717 0.1028452
285	/track 81 6.068971 3.459502 0.8911851 0.0416893 0.8629603 -0.5052717 0.1028452
288	/track 81 6.067741 3.456367 0.8910046 0.04255772 0.4017363 -0.9157554 0.09300283
288	/track 81 6.067741 3.456367 0.8910046 0.04255772 0.4017363 -0.9157554 0.09300283
291	/track 81 6.065729 3.451766 0.8907092 0.04383223 0.02127969 -0.9997736 0.09478337
291	/track 81 6.065729 3.451766 0.8907092 0.04383223 0.02127969 -0.9997736 0.09478337
296	/track 81 6.071478 3.465144 0.8915533 0.04012631 0.6901561 -0.7236607 0.1367592
299	/track 81 6.07585 3.475354 0.8921952 0.03729804 0.988561 0.1508216 0.1502355
299	/track 81 6.07585 3.475354 0.8921952 0.03729804 0.988561 0.1508216 0.1502355
301	/track 81 6.071922 3.46629 0.8916185 0.03980903 0.8292691 -0.5588496 0.1612101
301	/track 81 6.071922 3.46629 0.8916185 0.03980903 0.8292691 -0.5588496 0.1612101
304	/track 81 6.071638 3.465642 0.8915768 0.03998841 0.8202363 -0.5720247 0.1346141
304	/track 81 6.071638 3.465642 0.8915768 0.03998841 0.8202363 -0.5720247 0.1346141
307	/track 81 6.070812 3.463747 0.8914555 0.04051339 0.9334776 -0.3586356 0.1115642
307	/track 81 6.070812 3.463747 0.8914555 0.04051339 0.9334776 -0.3586356 0.1115642
310	/track 81 6.071866 3.465881 0.8916102 0.0399223 0.9927987 -0.1197947 0.1146805
310	/track 81 6.071866 3.465881 0.8916102 0.0399223 0.9927987 -0.1197947 0.1146805
312	/track 81 6.073448 3.469459 0.8918426 0.03893105 0.8970565 0.4419159 0.1043423
312	/track 81 6.073448 3.469459 0.8918426 0.03893105 0.8970565 0.4419159 0.1043423
315	/track 81 6.075422 3.474115 0.8921325 0.03764121 0.7600397 0.6498765 0.112663
315	/track 81 6.075422 3.474115 0.8921325 0.03764121 0.7600397 0.6498765 0.112663
318	/track 81 6.076909 3.477498 0.8923507 0.03670424 0.6013285 0.7990019 0.1018196
318	/track 81 6.076909 3.477498 0.8923507 0.03670424 0.6013285 0.7990019 0.1018196
321	/track 81 6.074374 3.47176 0.8919786 0.03829372 0.8122514 0.5833073 0.1080301
321	/track 81 6.074374 3.47176 0.8919786 0.03829372 0.8122514 0.5833073 0.1080301
324	/track 81 6.072822 3.468244 0.8917507 0.03926754 0.9993511 0.03601947 0.09888036
324	/track 81 6.072822 3.468244 0.8917507 0.03926754 0.9993511 0.03601947 0.09888036
327	/track 81 6.070655 3.462843 0.8914325 0.04076363 0.7599882 -0.6499369 0.1041828
327	/track 81 6.070655 3.462843 0.8914325 0.04076363 0.7599882 -0.6499369 0.1041828
330	/track 81 6.06951 3.460334 0.8912644 0.04145874 0.2777358 -0.9606575 0.09061401
330	/track 81 6.06951 3.460334 0.8912644 0.04145874 0.2777358 -0.9606575 0.09061401
332	/track 81 6.068136 3.457267 0.8910625 0.04230833 -0.05840886 -0.9982927 0.08399339
332	/track 81 6.068136 3.457267 0.8910625 0.04230833 -0.05840886 -0.9982927 0.08399339
335	/track 81 6.069073 3.45953 0.8912002 0.04168144 -0.04978884 -0.9987599 0.08812551
335	/track 81 6.069073 3.45953 0.8912002 0.04168144 -0.04978884 -0.9987599 0.08812551
338	/track 81 6.070941 3.464006 0.8914744 0.0404416 0.06378445 -0.9979637 0.09409733
338	/track 81 6.070941 3.464006 0.8914744 0.0404416 0.06378445 -0.9979637 0.09409733
341	/track 81 6.0716 3.46569 0.8915713 0.03997513 0.366244 -0.9305188 0.07466941
341	/track 81 6.0716 3.46569 0.8915713 0.03997513 0.366244 -0.9305188 0.07466941
343	/track 81 6.071517 3.465199 0.8915591 0.04011105 0.2810286 -0.9596993 0.07191786
343	/track 81 6.071517 3.465199 0.8915591 0.04011105 0.2810286 -0.9596993 0.07191786
346	/track 81 6.072368 3.467213 0.891684 0.03955324 0.6494139 -0.7604352 0.07080926
346	/track 81 6.072368 3.467213 0.891684 0.03955324 0.6494139 -0.7604352 0.07080926
349	/track 81 6.071618 3.46557 0.8915738 0.04000822 0.3236649 -0.9461717 0.06742284
349	/track 81 6.071618 3.46557 0.8915738 0.04000822 0.3236649 -0.9461717 0.06742284
351	/track 81 6.074016 3.47108 0.891926 0.03848195 0.5365481 -0.8438698 0.08357256
351	/track 81 6.074016 3.47108 0.891926 0.03848195 0.5365481 -0.8438698 0.08357256
354	/track 81 6.073763 3.470439 0.8918889 0.03865967 0.2416776 -0.9703566 0.07155471
354	/track 81 6.073763 3.470439 0.8918889 0.03865967 0.2416776 -0.9703566 0.07155471
357	/track 81 6.072107 3.467085 0.8916457 0.03958865 -0.09690037 -0.9952941 0.07227614
357	/track 81 6.072107 3.467085 0.8916457 0.03958865 -0.09690037 -0.9952941 0.07227614
360	/track 81 6.071521 3.465856 0.8915597 0.03992917 -0.2295376 -0.9732999 0.05974288
360	/track 81 6.071521 3.465856 0.8915597 0.03992917 -0.2295376 -0.9732999 0.05974288
362	/track 81 6.071857 3.466428 0.891609 0.03977073 -0.03913267 -0.999234 0.04907059
362	/track 81 6.071857 3.466428 0.891609 0.03977073 -0.03913267 -0.999234 0.04907059
365	/track 81 6.070572 3.46315 0.8914203 0.04067877 -0.1585704 -0.9873476 0.06007912
365	/track 81 6.070572 3.46315 0.8914203 0.04067877 -0.1585704 -0.9873476 0.06007912
368	/track 81 6.070595 3.462934 0.8914236 0.04073867 -0.01005083 -0.9999495 0.05743201
368	/track 81 6.070595 3.462934 0.8914236 0.04073867 -0.01005083 -0.9999495 0.05743201
370	/track 81 6.06939 3.460016 0.8912467 0.04154691 -0.1946864 -0.9808655 0.05878662
370	/track 81 6.06939 3.460016 0.8912467 0.04154691 -0.1946864 -0.9808655 0.05878662
373	/track 81 6.071758 3.465591 0.8915945 0.04000261 -0.03831888 -0.9992656 0.08136
373	/track 81 6.071758 3.465591 0.8915945 0.04000261 -0.03831888 -0.9992656 0.08136
376	/track 81 6.070624 3.463446 0.8914279 0.04059681 -0.1224601 -0.9924734 0.08480501
376	/track 81 6.070624 3.463446 0.8914279 0.04059681 -0.1224601 -0.9924734 0.08480501
378	/track 81 6.069834 3.461762 0.8913119 0.04106327 -0.02263713 -0.9997437 0.09451891
378	/track 81 6.069834 3.461762 0.8913119 0.04106327 -0.02263713 -0.9997437 0.09451891
381	/track 81 6.069705 3.461399 0.8912929 0.04116379 0.003758536 -0.999993 0.1108758
381	/track 81 6.069705 3.461399 0.8912929 0.04116379 0.003758536 -0.999993 0.1108758
384	/track 81 6.070285 3.462606 0.8913782 0.04082948 0.1660326 -0.9861203 0.1266458
384	/track 81 6.070285 3.462606 0.8913782 0.04082948 0.1660326 -0.9861203 0.1266458
386	/track 81 6.069325 3.460115 0.8912372 0.04151931 0.46332 -0.886191 0.1096628
386	/track 81 6.069325 3.460115 0.8912372 0.04151931 0.46332 -0.886191 0.1096628
389	/track 81 6.068381 3.458069 0.8910985 0.04208629 0.1672339 -0.9859172 0.1022309
389	/track 81 6.068381 3.458069 0.8910985 0.04208629 0.1672339 -0.9859172 0.1022309
392	/track 81 6.071653 3.465765 0.891579 0.03995433 0.3607906 -0.9326469 0.1332406
392	/track 81 6.071653 3.465765 0.891579 0.03995433 0.3607906 -0.9326469 0.1332406
395	/track 81 6.070119 3.462257 0.8913537 0.04092603 -0.003191341 -0.9999949 0.1177656
395	/track 81 6.070119 3.462257 0.8913537 0.04092603 -0.003191341 -0.9999949 0.1177656
397	/track 81 6.070559 3.463239 0.8914183 0.04065413 -0.06249861 -0.9980451 0.1296462
397	/track 81 6.070559 3.463239 0.8914183 0.04065413 -0.06249861 -0.9980451 0.1296462
400	/track 81 6.072244 3.46709 0.8916658 0.03958739 0.1907863 -0.9816316 0.1275264
400	/track 81 6.072244 3.46709 0.8916658 0.03958739 0.1907863 -0.9816316 0.1275264
403	/track 81 6.072489 3.467652 0.8917018 0.03943159 0.7304931 -0.68292 0.0963343
403	/track 81 6.072489 3.467652 0.8917018 0.03943159 0.7304931 -0.68292 0.0963343
405	/track 81 6.072879 3.468771 0.8917591 0.03912152 0.9999973 -0.002339476 0.07678293
405	/track 81 6.072879 3.468771 0.8917591 0.03912152 0.9999973 -0.002339476 0.07678293
408	/track 81 6.0722 3.467202 0.8916594 0.03955628 0.9998457 -0.01757257 0.07644647
408	/track 81 6.0722 3.467202 0.8916594 0.03955628 0.9998457 -0.01757257 0.07644647
411	/track 81 6.071959 3.46646 0.891624 0.03976181 0.9857041 0.1684856 0.06979144
411	/track 81 6.071959 3.46646 0.891624 0.03976181 0.9857041 0.1684856 0.06979144
413	/track 81 6.069997 3.462107 0.8913359 0.04096751 0.8401634 -0.5423332 0.07715128
413	/track 81 6.069997 3.462107 0.8913359 0.04096751 0.8401634 -0.5423332 0.07715128
416	/track 81 6.069742 3.461278 0.8912984 0.04119728 0.5482832 -0.8362928 0.0674504
416	/track 81 6.069742 3.461278 0.8912984 0.04119728 0.5482832 -0.8362928 0.0674504
419	/track 81 6.069819 3.460897 0.8913097 0.04130282 0.4301125 -0.9027753 0.05119835
419	/track 81 6.069819 3.460897 0.8913097 0.04130282 0.4301125 -0.9027753 0.05119835
422	/track 81 6.071819 3.465617 0.8916034 0.03999528 0.6348624 -0.7726253 0.09426856
422	/track 81 6.071819 3.465617 0.8916034 0.03999528 0.6348624 -0.7726253 0.09426856
425	/track 81 6.069585 3.46062 0.8912754 0.04137943 0.1726398 -0.9849851 0.09732356
425	/track 81 6.069585 3.46062 0.8912754 0.04137943 0.1726398 -0.9849851 0.09732356
427	/track 81 6.068799 3.459197 0.89116 0.04177384 -0.2130165 -0.9770485 0.07951768
427	/track 81 6.068799 3.459197 0.89116 0.04177384 -0.2130165 -0.9770485 0.07951768
430	/track 81 6.070938 3.464079 0.8914739 0.04042126 -0.06257892 -0.99804 0.0950266
430	/track 81 6.070938 3.464079 0.8914739 0.04042126 -0.06257892 -0.99804 0.0950266
433	/track 81 6.073571 3.470034 0.8918606 0.03877188 0.3669307 -0.9302483 0.103794
433	/track 81 6.073571 3.470034 0.8918606 0.03877188 0.3669307 -0.9302483 0.103794
435	/track 81 6.073813 3.470442 0.8918962 0.03865888 0.3283444 -0.9445581 0.08454285
438	/track 81 6.074306 3.471838 0.8919686 0.03827212 0.683777 -0.729691 0.07697726
438	/track 81 6.074306 3.471838 0.8919686 0.03827212 0.683777 -0.729691 0.07697726
440	/track 81 6.070844 3.46402 0.8914602 0.04043757 0.2123412 -0.9771956 0.100903
440	/track 81 6.070844 3.46402 0.8914602 0.04043757 0.2123412 -0.9771956 0.100903
443	/track 81 6.070318 3.462898 0.891383 0.04074857 -0.01574409 -0.9998761 0.08885524
443	/track 81 6.070318 3.462898 0.891383 0.04074857 -0.01574409 -0.9998761 0.08885524
446	/track 81 6.070112 3.462249 0.8913528 0.04092835 -0.04795441 -0.9988495 0.07639118
446	/track 81 6.070112 3.462249 0.8913528 0.04092835 -0.04795441 -0.9988495 0.07639118
449	/track 81 6.067961 3.457251 0.8910368 0.04231282 -0.0953017 -0.9954485 0.09435654
449	/track 81 6.067961 3.457251 0.8910368 0.04231282 -0.0953017 -0.9954485 0.09435654
451	/track 81 6.067448 3.456075 0.8909615 0.04263849 0.03289712 -0.9994587 0.08690197
451	/track 81 6.067448 3.456075 0.8909615 0.04263849 0.03289712 -0.9994587 0.08690197
454	/track 81 6.068667 3.458664 0.8911406 0.04192125 0.3535287 -0.9354238 0.08634869
454	/track 81 6.068667 3.458664 0.8911406 0.04192125 0.3535287 -0.9354238 0.08634869
457	/track 81 6.069181 3.459742 0.8912161 0.0416228 0.2883818 -0.9575155 0.06943997
457	/track 81 6.069181 3.459742 0.8912161 0.0416228 0.2883818 -0.9575155 0.06943997
460	/track 81 6.071976 3.466168 0.8916264 0.03984278 0.8259758 -0.5637057 0.08902008
460	/track 81 6.071976 3.466168 0.8916264 0.03984278 0.8259758 -0.5637057 0.08902008
462	/track 81 6.074114 3.471264 0.8919404 0.03843109 0.9925644 0.1217204 0.09422781
462	/track 81 6.074114 3.471264 0.8919404 0.03843109 0.9925644 0.1217204 0.09422781
465	/track 81 6.0743 3.471858 0.8919678 0.03826645 0.8642173 0.5031188 0.07971098
465	/track 81 6.0743 3.471858 0.8919678 0.03826645 0.8642173 0.5031188 0.07971098
468	/track 81 6.07345 3.470134 0.8918428 0.03874407 0.8251542 0.5649075 0.06953424
468	/track 81 6.07345 3.470134 0.8918428 0.03874407 0.8251542 0.5649075 0.06953424
470	/track 81 6.071451 3.46545 0.8915493 0.04004151 0.9999869 -0.005114178 0.07829012
470	/track 81 6.071451 3.46545 0.8915493 0.04004151 0.9999869 -0.005114178 0.07829012
473	/track 81 6.072272 3.467329 0.8916699 0.03952121 0.9288012 0.3705786 0.07555252
473	/track 81 6.072272 3.467329 0.8916699 0.03952121 0.9288012 0.3705786 0.07555252
476	/track 81 6.070791 3.464253 0.8914524 0.04037311 0.9903859 0.1383324 0.0849392
476	/track 81 6.070791 3.464253 0.8914524 0.04037311 0.9903859 0.1383324 0.0849392
479	/track 81 6.069251 3.460759 0.8912263 0.04134112 0.821796 -0.5697818 0.08279628
479	/track 81 6.069251 3.460759 0.8912263 0.04134112 0.821796 -0.5697818 0.08279628
481	/track 81 6.06916 3.46077 0.8912129 0.04133808 0.9356577 -0.352909 0.08464235
481	/track 81 6.06916 3.46077 0.8912129 0.04133808 0.9356577 -0.352909 0.08464235
484	/track 81 6.068047 3.457938 0.8910494 0.04212242 0.6745012 -0.7382738 0.08597159
484	/track 81 6.068047 3.457938 0.8910494 0.04212242 0.6745012 -0.7382738 0.08597159
487	/track 81 6.068587 3.458566 0.8911288 0.04194839 0.5720739 -0.8202021 0.08488943
487	/track 81 6.068587 3.458566 0.8911288 0.04194839 0.5720739 -0.8202021 0.08488943
490	/track 81 6.069773 3.461314 0.891303 0.04118737 0.977437 -0.2112273 0.07714139
490	/track 81 6.069773 3.461314 0.891303 0.04118737 0.977437 -0.2112273 0.07714139
492	/track 81 6.070823 3.463888 0.8914571 0.04047436 0.9184136 0.3956213 0.07193929
492	/track 81 6.070823 3.463888 0.8914571 0.04047436 0.9184136 0.3956213 0.07193929
495	/track 81 6.068747 3.459166 0.8911523 0.04178236 0.9993376 -0.03639249 0.09099182
495	/track 81 6.068747 3.459166 0.8911523 0.04178236 0.9993376 -0.03639249 0.09099182
498	/track 81 6.069321 3.460348 0.8912366 0.04145478 0.8803666 0.4742938 0.07335887
498	/track 81 6.069321 3.460348 0.8912366 0.04145478 0.8803666 0.4742938 0.07335887
500	/track 81 6.071163 3.464705 0.8915071 0.04024803 0.7949461 0.6066799 0.08050106
503	/track 81 6.070957 3.464361 0.8914768 0.04034326 0.9286876 0.3708632 0.06751557
503	/track 81 6.070957 3.464361 0.8914768 0.04034326 0.9286876 0.3708632 0.06751557
506	/track 81 6.071294 3.464957 0.8915263 0.04017822 0.9920533 0.1258185 0.0624868
506	/track 81 6.071294 3.464957 0.8915263 0.04017822 0.9920533 0.1258185 0.0624868
508	/track 81 6.072189 3.466663 0.8916577 0.03970561 0.8613068 0.5080853 0.0556078
508	/track 81 6.072189 3.466663 0.8916577 0.03970561 0.8613068 0.5080853 0.0556078
511	/track 81 6.0728 3.467955 0.8917475 0.03934765 0.7570557 0.6533505 0.05390104
511	/track 81 6.0728 3.467955 0.8917475 0.03934765 0.7570557 0.6533505 0.05390104
514	/track 81 6.0726 3.467474 0.891718 0.03948079 0.8608577 0.5088457 0.05351619
514	/track 81 6.0726 3.467474 0.891718 0.03948079 0.8608577 0.5088457 0.05351619
517	/track 81 6.072847 3.468046 0.8917543 0.03932249 0.8065824 0.5911217 0.04970158
517	/track 81 6.072847 3.468046 0.8917543 0.03932249 0.8065824 0.5911217 0.04970158
520	/track 81 6.071273 3.464522 0.8915232 0.04029868 0.6962733 0.7177768 0.06240793
520	/track 81 6.071273 3.464522 0.8915232 0.04029868 0.6962733 0.7177768 0.06240793
522	/track 81 6.067186 3.455086 0.8909231 0.04291237 0.9384726 0.3453538 0.1011257
522	/track 81 6.067186 3.455086 0.8909231 0.04291237 0.9384726 0.3453538 0.1011257
525	/track 81 6.066144 3.452886 0.89077 0.04352196 0.9426221 0.3338618 0.09962552
525	/track 81 6.066144 3.452886 0.89077 0.04352196 0.9426221 0.3338618 0.09962552
528	/track 81 6.066955 3.455163 0.8908892 0.0428911 0.7247685 0.6889924 0.08648581
528	/track 81 6.066955 3.455163 0.8908892 0.0428911 0.7247685 0.6889924 0.08648581
530	/track 81 6.069331 3.460748 0.8912381 0.04134396 0.572892 0.819631 0.09700032
530	/track 81 6.069331 3.460748 0.8912381 0.04134396 0.572892 0.819631 0.09700032
533	/track 81 6.070533 3.463639 0.8914145 0.04054331 0.5073997 0.8617108 0.09652182
533	/track 81 6.070533 3.463639 0.8914145 0.04054331 0.5073997 0.8617108 0.09652182
536	/track 81 6.072409 3.467727 0.89169 0.03941072 0.4640457 0.8858112 0.09524366
536	/track 81 6.072409 3.467727 0.89169 0.03941072 0.4640457 0.8858112 0.09524366
538	/track 81 6.073474 3.469876 0.8918464 0.03881554 0.4551144 0.890433 0.08217283
538	/track 81 6.073474 3.469876 0.8918464 0.03881554 0.4551144 0.890433 0.08217283
541	/track 81 6.071512 3.465589 0.8915583 0.04000307 0.4851082 0.8744541 0.09366063
541	/track 81 6.071512 3.465589 0.8915583 0.04000307 0.4851082 0.8744541 0.09366063
544	/track 81 6.07011 3.462583 0.8913525 0.04083582 0.5603287 0.8282703 0.08585369
544	/track 81 6.07011 3.462583 0.8913525 0.04083582 0.5603287 0.8282703 0.08585369
547	/track 81 6.068716 3.459148 0.8911477 0.04178725 0.7712032 0.6365891 0.08320889
547	/track 81 6.068716 3.459148 0.8911477 0.04178725 0.7712032 0.6365891 0.08320889
549	/track 81 6.069779 3.46136 0.8913038 0.04117442 0.7288595 0.6846634 0.09334462
549	/track 81 6.069779 3.46136 0.8913038 0.04117442 0.7288595 0.6846634 0.09334462
552	/track 81 6.071008 3.46424 0.8914843 0.04037681 0.6182816 0.7859567 0.09347279
552	/track 81 6.071008 3.46424 0.8914843 0.04037681 0.6182816 0.7859567 0.09347279
555	/track 81 6.073266 3.469459 0.8918158 0.03893105 0.5134942 0.858093 0.09886806
555	/track 81 6.073266 3.469459 0.8918158 0.03893105 0.5134942 0.858093 0.09886806
558	/track 81 6.067872 3.457058 0.8910238 0.04236632 0.6557167 0.7550071 0.1463044
558	/track 81 6.067872 3.457058 0.8910238 0.04236632 0.6557167 0.7550071 0.1463044
560	/track 81 6.070459 3.462956 0.8914037 0.04073239 0.5362828 0.8440384 0.1407542
560	/track 81 6.070459 3.462956 0.8914037 0.04073239 0.5362828 0.8440384 0.1407542
563	/track 81 6.071703 3.466011 0.8915864 0.03988624 0.4805753 0.8769535 0.1335209
563	/track 81 6.071703 3.466011 0.8915864 0.03988624 0.4805753 0.8769535 0.1335209
566	/track 81 6.074509 3.472361 0.8919984 0.03812729 0.444069 0.8959926 0.1346242
566	/track 81 6.074509 3.472361 0.8919984 0.03812729 0.444069 0.8959926 0.1346242
568	/track 81 6.075851 3.475343 0.8921955 0.03730108 0.4275616 0.9039862 0.1152261
568	/track 81 6.075851 3.475343 0.8921955 0.03730108 0.4275616 0.9039862 0.1152261
575	/track 81 6.075425 3.474344 0.8921329 0.03757787 0.4330764 0.9013572 0.1052146
575	/track 81 6.075425 3.474344 0.8921329 0.03757787 0.4330764 0.9013572 0.1052146
578	/track 81 6.074767 3.473093 0.8920363 0.0379244 0.4439774 0.8960381 0.09644535
578	/track 81 6.074767 3.473093 0.8920363 0.0379244 0.4439774 0.8960381 0.09644535
581	/track 81 6.074341 3.471975 0.8919738 0.03823415 0.562 0.8271372 0.07705146
581	/track 81 6.074341 3.471975 0.8919738 0.03823415 0.562 0.8271372 0.07705146
583	/track 81 6.072173 3.467109 0.8916554 0.03958204 0.7586865 0.6514559 0.08554042
583	/track 81 6.072173 3.467109 0.8916554 0.03958204 0.7586865 0.6514559 0.08554042
586	/track 81 6.071916 3.466476 0.8916176 0.03975726 0.9285415 0.3712288 0.07320212
586	/track 81 6.071916 3.466476 0.8916176 0.03975726 0.9285415 0.3712288 0.07320212
589	/track 81 6.070995 3.46428 0.8914824 0.04036558 0.9465013 -0.3227003 0.06532661
589	/track 81 6.070995 3.46428 0.8914824 0.04036558 0.9465013 -0.3227003 0.06532661
591	/track 81 6.070179 3.462484 0.8913626 0.04086316 0.8461856 -0.5328883 0.1071568
591	/track 81 6.070179 3.462484 0.8913626 0.04086316 0.8461856 -0.5328883 0.1071568
594	/track 81 6.07281 3.468577 0.8917488 0.03917547 0.9975944 -0.06932099 0.1251777
594	/track 81 6.07281 3.468577 0.8917488 0.03917547 0.9975944 -0.06932099 0.1251777
597	/track 81 6.071133 3.464656 0.8915027 0.04026163 0.6919535 -0.7219421 0.1166636
597	/track 81 6.071133 3.464656 0.8915027 0.04026163 0.6919535 -0.7219421 0.1166636
599	/track 81 6.071738 3.465856 0.8915914 0.0399291 0.5596773 -0.8287106 0.1532262
599	/track 81 6.071738 3.465856 0.8915914 0.0399291 0.5596773 -0.8287106 0.1532262
602	/track 81 6.074643 3.472436 0.8920181 0.03810642 0.8860516 -0.4635866 0.1622639
602	/track 81 6.074643 3.472436 0.8920181 0.03810642 0.8860516 -0.4635866 0.1622639
605	/track 81 6.07326 3.46942 0.8918149 0.03894181 0.7452904 -0.6667401 0.1481988
605	/track 81 6.07326 3.46942 0.8918149 0.03894181 0.7452904 -0.6667401 0.1481988
607	/track 81 6.069302 3.460252 0.8912337 0.04148153 0.2714231 -0.9624602 0.1652035
607	/track 81 6.069302 3.460252 0.8912337 0.04148153 0.2714231 -0.9624602 0.1652035
610	/track 81 6.073233 3.469196 0.891811 0.03900402 0.6429661 -0.7658948 0.1918534
610	/track 81 6.073233 3.469196 0.891811 0.03900402 0.6429661 -0.7658948 0.1918534
613	/track 81 6.072372 3.467276 0.8916846 0.03953581 0.49161 -0.8708155 0.19816
613	/track 81 6.072372 3.467276 0.8916846 0.03953581 0.49161 -0.8708155 0.19816
615	/track 81 6.072794 3.468221 0.8917466 0.03927408 0.6871147 -0.726549 0.1526663
615	/track 81 6.072794 3.468221 0.8917466 0.03927408 0.6871147 -0.726549 0.1526663
618	/track 81 6.072565 3.46784 0.891713 0.03937955 0.3327025 -0.9430318 0.1262125
618	/track 81 6.072565 3.46784 0.891713 0.03937955 0.3327025 -0.9430318 0.1262125
621	/track 81 6.07346 3.469934 0.8918443 0.03879949 0.217022 -0.9761668 0.1384879
621	/track 81 6.07346 3.469934 0.8918443 0.03879949 0.217022 -0.9761668 0.1384879
624	/track 81 6.076559 3.47674 0.8922994 0.03691406 0.4227599 -0.9062417 0.1499176
624	/track 81 6.076559 3.47674 0.8922994 0.03691406 0.4227599 -0.9062417 0.1499176
626	/track 81 6.072807 3.468327 0.8917484 0.03924455 0.03172693 -0.9994966 0.1600308
626	/track 81 6.072807 3.468327 0.8917484 0.03924455 0.03172693 -0.9994966 0.1600308
629	/track 81 6.073326 3.469656 0.8918247 0.03887636 0.3156785 -0.9488662 0.1378284
629	/track 81 6.073326 3.469656 0.8918247 0.03887636 0.3156785 -0.9488662 0.1378284
631	/track 81 6.074435 3.472139 0.8919876 0.03818864 0.844805 -0.5350743 0.1159203
631	/track 81 6.074435 3.472139 0.8919876 0.03818864 0.844805 -0.5350743 0.1159203
634	/track 81 6.076259 3.476023 0.8922553 0.03711285 0.9971829 -0.07500928 0.1185097
634	/track 81 6.076259 3.476023 0.8922553 0.03711285 0.9971829 -0.07500928 0.1185097
637	/track 81 6.073113 3.469203 0.8917935 0.03900204 0.2158875 0.9764183 0.1013449
637	/track 81 6.073113 3.469203 0.8917935 0.03900204 0.2158875 0.9764183 0.1013449
640	/track 81 6.07383 3.470992 0.8918986 0.03850632 0.115293 0.9933316 0.0832249
640	/track 81 6.07383 3.470992 0.8918986 0.03850632 0.115293 0.9933316 0.0832249
642	/track 81 6.073352 3.469874 0.8918285 0.038816 -0.2140262 0.9768279 0.06794345
642	/track 81 6.073352 3.469874 0.8918285 0.038816 -0.2140262 0.9768279 0.06794345
645	/track 81 6.070471 3.463243 0.8914055 0.04065301 -0.577269 0.816554 0.09652737
645	/track 81 6.070471 3.463243 0.8914055 0.04065301 -0.577269 0.816554 0.09652737
648	/track 81 6.069696 3.461558 0.8912917 0.04111968 -0.4406563 0.8976759 0.08984447
648	/track 81 6.069696 3.461558 0.8912917 0.04111968 -0.4406563 0.8976759 0.08984447
650	/track 81 6.070669 3.463662 0.8914345 0.04053697 -0.03143042 0.9995059 0.07616285
650	/track 81 6.070669 3.463662 0.8914345 0.04053697 -0.03143042 0.9995059 0.07616285
653	/track 81 6.070942 3.464219 0.8914747 0.04038269 -0.05018352 0.99874 0.07534596
653	/track 81 6.070942 3.464219 0.8914747 0.04038269 -0.05018352 0.99874 0.07534596
656	/track 81 6.072145 3.466789 0.8916512 0.03967054 -0.2107707 0.9775355 0.08418287
656	/track 81 6.072145 3.466789 0.8916512 0.03967054 -0.2107707 0.9775355 0.08418287
659	/track 81 6.076084 3.475723 0.8922296 0.03719594 0.08899951 0.9960316 0.1168746
659	/track 81 6.076084 3.475723 0.8922296 0.03719594 0.08899951 0.9960316 0.1168746
661	/track 81 6.075968 3.475471 0.8922126 0.03726561 -0.04256571 0.9990936 0.1119756
661	/track 81 6.075968 3.475471 0.8922126 0.03726561 -0.04256571 0.9990936 0.1119756
664	/track 81 6.076066 3.475815 0.8922271 0.03717045 0.0684596 0.9976538 0.09278914
664	/track 81 6.076066 3.475815 0.8922271 0.03717045 0.0684596 0.9976538 0.09278914
667	/track 81 6.076963 3.477883 0.8923588 0.03659758 0.1814939 0.9833921 0.08059477
667	/track 81 6.076963 3.477883 0.8923588 0.03659758 0.1814939 0.9833921 0.08059477
670	/track 81 6.07634 3.47708 0.8922672 0.03682008 -0.3670374 0.9302062 0.06429205
670	/track 81 6.07634 3.47708 0.8922672 0.03682008 -0.3670374 0.9302062 0.06429205
672	/track 81 6.074408 3.472467 0.8919836 0.03809777 -0.8651206 0.5015639 0.07783352
672	/track 81 6.074408 3.472467 0.8919836 0.03809777 -0.8651206 0.5015639 0.07783352
675	/track 81 6.071845 3.466596 0.8916072 0.03972403 -0.999256 0.03856872 0.09911068
675	/track 81 6.071845 3.466596 0.8916072 0.03972403 -0.999256 0.03856872 0.09911068
678	/track 81 6.06914 3.460502 0.8912101 0.04141212 -0.8750654 -0.4840046 0.1096638
678	/track 81 6.06914 3.460502 0.8912101 0.04141212 -0.8750654 -0.4840046 0.1096638
680	/track 81 6.067855 3.457131 0.8910213 0.04234611 -0.6370192 -0.7708479 0.09744007
680	/track 81 6.067855 3.457131 0.8910213 0.04234611 -0.6370192 -0.7708479 0.09744007
683	/track 81 6.069735 3.461287 0.8912973 0.04119477 -0.5746308 -0.8184128 0.1074465
683	/track 81 6.069735 3.461287 0.8912973 0.04119477 -0.5746308 -0.8184128 0.1074465
686	/track 81 6.073283 3.469189 0.8918183 0.03900587 -0.7613904 -0.6482936 0.1244247
686	/track 81 6.073283 3.469189 0.8918183 0.03900587 -0.7613904 -0.6482936 0.1244247
688	/track 81 6.073039 3.468702 0.8917825 0.03914087 -0.6211976 -0.783654 0.09368282
688	/track 81 6.073039 3.468702 0.8917825 0.03914087 -0.6211976 -0.783654 0.09368282
691	/track 81 6.071847 3.466202 0.8916075 0.0398332 -0.5555462 -0.8314856 0.09179239
691	/track 81 6.071847 3.466202 0.8916075 0.0398332 -0.5555462 -0.8314856 0.09179239
694	/track 81 6.074649 3.472593 0.8920189 0.03806303 -0.7349486 -0.6781228 0.1045616
694	/track 81 6.074649 3.472593 0.8920189 0.03806303 -0.7349486 -0.6781228 0.1045616
697	/track 81 6.077223 3.47845 0.8923969 0.0364406 -0.9664822 -0.2567337 0.1113114
697	/track 81 6.077223 3.47845 0.8923969 0.0364406 -0.9664822 -0.2567337 0.1113114
699	/track 81 6.078473 3.481505 0.8925805 0.03559411 -0.8889179 0.4580666 0.09766993
699	/track 81 6.078473 3.481505 0.8925805 0.03559411 -0.8889179 0.4580666 0.09766993
702	/track 81 6.077531 3.479467 0.8924422 0.03615865 -0.8969364 0.4421595 0.09350045
702	/track 81 6.077531 3.479467 0.8924422 0.03615865 -0.8969364 0.4421595 0.09350045
705	/track 81 6.076972 3.478257 0.89236 0.03649389 -0.7603993 0.6494557 0.085114
705	/track 81 6.076972 3.478257 0.89236 0.03649389 -0.7603993 0.6494557 0.085114
707	/track 81 6.07649 3.476779 0.8922893 0.03690336 -0.9058486 0.4236017 0.07400376
707	/track 81 6.07649 3.476779 0.8922893 0.03690336 -0.9058486 0.4236017 0.07400376
710	/track 81 6.074215 3.471361 0.8919552 0.03840428 -0.9700703 -0.2428244 0.08614831
710	/track 81 6.074215 3.471361 0.8919552 0.03840428 -0.9700703 -0.2428244 0.08614831
713	/track 81 6.07257 3.467349 0.8917137 0.03951567 -0.7740899 -0.6330758 0.08667131
713	/track 81 6.07257 3.467349 0.8917137 0.03951567 -0.7740899 -0.6330758 0.08667131
716	/track 81 6.072654 3.467639 0.891726 0.03943509 -0.7952121 -0.6063313 0.08809364
716	/track 81 6.072654 3.467639 0.891726 0.03943509 -0.7952121 -0.6063313 0.08809364
718	/track 81 6.07342 3.469534 0.8918384 0.03891018 -0.8961697 -0.4437114 0.08628298
718	/track 81 6.07342 3.469534 0.8918384 0.03891018 -0.8961697 -0.4437114 0.08628298
721	/track 81 6.072367 3.467216 0.8916838 0.03955225 -0.7632219 -0.6461364 0.08464492
721	/track 81 6.072367 3.467216 0.8916838 0.03955225 -0.7632219 -0.6461364 0.08464492
723	/track 81 6.070487 3.463229 0.8914077 0.04065691 -0.6129559 -0.7901171 0.08560605
723	/track 81 6.070487 3.463229 0.8914077 0.04065691 -0.6129559 -0.7901171 0.08560605
726	/track 81 6.070318 3.46281 0.8913829 0.04077281 -0.6158049 -0.7878986 0.07922015
726	/track 81 6.070318 3.46281 0.8913829 0.04077281 -0.6158049 -0.7878986 0.07922015
729	/track 81 6.070913 3.464187 0.8914703 0.04039141 -0.8394733 -0.5434008 0.06579176
729	/track 81 6.070913 3.464187 0.8914703 0.04039141 -0.8394733 -0.5434008 0.06579176
732	/track 81 6.073548 3.470208 0.8918573 0.03872367 -0.9984717 0.05526396 0.08436336
732	/track 81 6.073548 3.470208 0.8918573 0.03872367 -0.9984717 0.05526396 0.08436336
735	/track 81 6.074631 3.472314 0.8920163 0.03814023 -0.7008682 0.7132908 0.07453948
735	/track 81 6.074631 3.472314 0.8920163 0.03814023 -0.7008682 0.7132908 0.07453948
738	/track 81 6.074838 3.472796 0.8920466 0.03800676 -0.5650625 0.825048 0.06969742
738	/track 81 6.074838 3.472796 0.8920466 0.03800676 -0.5650625 0.825048 0.06969742
741	/track 81 6.074825 3.472914 0.8920448 0.03797387 -0.4307604 0.9024664 0.06207155
741	/track 81 6.074825 3.472914 0.8920448 0.03797387 -0.4307604 0.9024664 0.06207155
743	/track 81 6.075344 3.474429 0.892121 0.03755429 -0.07625664 0.9970883 0.05381131
743	/track 81 6.075344 3.474429 0.892121 0.03755429 -0.07625664 0.9970883 0.05381131
746	/track 81 6.072205 3.467507 0.89166 0.03947168 -0.4076274 0.9131483 0.08725642
746	/track 81 6.072205 3.467507 0.89166 0.03947168 -0.4076274 0.9131483 0.08725642
749	/track 81 6.070764 3.464267 0.8914485 0.04036941 -0.9089052 0.4170029 0.08259239
749	/track 81 6.070764 3.464267 0.8914485 0.04036941 -0.9089052 0.4170029 0.08259239
751	/track 81 6.070523 3.463618 0.891413 0.04054905 -0.7934791 0.6085975 0.0863643
751	/track 81 6.070523 3.463618 0.891413 0.04054905 -0.7934791 0.6085975 0.0863643
754	/track 81 6.068865 3.459691 0.8911696 0.04163693 -0.9882441 0.1528844 0.09438976
754	/track 81 6.068865 3.459691 0.8911696 0.04163693 -0.9882441 0.1528844 0.09438976
757	/track 81 6.068577 3.458844 0.8911273 0.04187152 -0.9989045 -0.04679468 0.09395508
757	/track 81 6.068577 3.458844 0.8911273 0.04187152 -0.9989045 -0.04679468 0.09395508
760	/track 81 6.07024 3.462519 0.8913715 0.04085345 -0.764284 0.6448799 0.08959636
760	/track 81 6.07024 3.462519 0.8913715 0.04085345 -0.764284 0.6448799 0.08959636
762	/track 81 6.072883 3.468542 0.8917596 0.03918498 -0.2868333 0.9579805 0.1014415
762	/track 81 6.072883 3.468542 0.8917596 0.03918498 -0.2868333 0.9579805 0.1014415
765	/track 81 6.072116 3.466942 0.891647 0.0396284 -0.6671752 0.7449008 0.0923737
765	/track 81 6.072116 3.466942 0.891647 0.0396284 -0.6671752 0.7449008 0.0923737
768	/track 81 6.074681 3.472815 0.8920236 0.03800134 -0.5156071 0.8568251 0.112588
768	/track 81 6.074681 3.472815 0.8920236 0.03800134 -0.5156071 0.8568251 0.112588
770	/track 81 6.075053 3.473635 0.8920783 0.03777422 -0.7113537 0.7028342 0.1058247
770	/track 81 6.075053 3.473635 0.8920783 0.03777422 -0.7113537 0.7028342 0.1058247
773	/track 81 6.076662 3.47731 0.8923145 0.03675628 -0.3859642 0.9225137 0.1087007
773	/track 81 6.076662 3.47731 0.8923145 0.03675628 -0.3859642 0.9225137 0.1087007
776	/track 81 6.075017 3.47347 0.892073 0.03781999 -0.8961233 0.4438051 0.1017487
776	/track 81 6.075017 3.47347 0.892073 0.03781999 -0.8961233 0.4438051 0.1017487
778	/track 81 6.074065 3.471007 0.8919331 0.03850222 -0.9730589 -0.2305566 0.08808369
778	/track 81 6.074065 3.471007 0.8919331 0.03850222 -0.9730589 -0.2305566 0.08808369
781	/track 81 6.073888 3.470574 0.8919073 0.03862216 -0.9173279 -0.3981327 0.08202552
784	/track 81 6.078132 3.480386 0.8925304 0.03590412 -0.8583021 0.5131449 0.1079405
784	/track 81 6.078132 3.480386 0.8925304 0.03590412 -0.8583021 0.5131449 0.1079405
784	/track 81 6.078743 3.481807 0.8926202 0.03551056 -0.7139634 0.7001829 0.1062445
784	/track 81 6.078743 3.481807 0.8926202 0.03551056 -0.7139634 0.7001829 0.1062445
787	/track 81 6.078395 3.481005 0.8925691 0.03573267 -0.8663108 0.4995054 0.1007618
787	/track 81 6.078051 3.480213 0.8925185 0.03595207 -0.9634371 0.2679342 0.09608439
787	/track 81 6.078051 3.480213 0.8925185 0.03595207 -0.9634371 0.2679342 0.09608439
789	/track 81 6.074429 3.472021 0.8919867 0.03822147 -0.9847431 -0.174015 0.1277225
789	/track 81 6.072948 3.468672 0.8917692 0.03914899 -0.9372727 -0.3485968 0.137832
789	/track 81 6.072948 3.468672 0.8917692 0.03914899 -0.9372727 -0.3485968 0.137832
792	/track 81 6.074003 3.471146 0.891924 0.03846372 -0.9903803 -0.1383722 0.1398672
795	/track 81 6.072255 3.467125 0.8916674 0.03957748 -0.9532663 -0.3021314 0.1534957
795	/track 81 6.072255 3.467125 0.8916674 0.03957748 -0.9532663 -0.3021314 0.1534957
798	/track 81 6.071083 3.464425 0.8914953 0.04032543 -0.8464317 -0.5324974 0.1254325
798	/track 81 6.071083 3.464425 0.8914953 0.04032543 -0.8464317 -0.5324974 0.1254325
800	/track 81 6.073771 3.471254 0.89189 0.03843386 -0.9955571 0.09415993 0.1326698
800	/track 81 6.073771 3.471254 0.89189 0.03843386 -0.9955571 0.09415993 0.1326698
803	/track 81 6.074473 3.472849 0.8919931 0.0379919 -0.9949649 0.1002232 0.1268748
803	/track 81 6.074473 3.472849 0.8919931 0.0379919 -0.9949649 0.1002232 0.1268748
806	/track 81 6.072825 3.468572 0.8917512 0.03917686 -0.8842239 -0.4670634 0.1180236
806	/track 81 6.072825 3.468572 0.8917512 0.03917686 -0.8842239 -0.4670634 0.1180236
809	/track 81 6.073371 3.469458 0.8918313 0.03893131 -0.9950595 0.09928035 0.09165492
809	/track 81 6.073371 3.469458 0.8918313 0.03893131 -0.9950595 0.09928035 0.09165492
811	/track 81 6.073635 3.469916 0.8918701 0.03880457 -0.9926564 -0.1209687 0.07556099
811	/track 81 6.073635 3.469916 0.8918701 0.03880457 -0.9926564 -0.1209687 0.07556099
814	/track 81 6.07429 3.471488 0.8919662 0.03836914 -0.9295014 0.3688187 0.07097521
814	/track 81 6.07429 3.471488 0.8919662 0.03836914 -0.9295014 0.3688187 0.07097521
817	/track 81 6.072764 3.468139 0.8917422 0.0392966 -0.9614614 -0.2749397 0.07290225
817	/track 81 6.072764 3.468139 0.8917422 0.0392966 -0.9614614 -0.2749397 0.07290225
819	/track 81 6.072782 3.468041 0.8917448 0.03932394 -0.9690909 -0.246704 0.07995831
819	/track 81 6.072782 3.468041 0.8917448 0.03932394 -0.9690909 -0.246704 0.07995831
822	/track 81 6.074135 3.470824 0.8919435 0.03855301 -0.9750841 0.2218354 0.08254585
822	/track 81 6.074135 3.470824 0.8919435 0.03855301 -0.9750841 0.2218354 0.08254585
822	/track 81 6.074206 3.471068 0.8919539 0.03848525 -0.8900362 0.4558897 0.07579044
822	/track 81 6.074206 3.471068 0.8919539 0.03848525 -0.8900362 0.4558897 0.07579044
825	/track 81 6.074945 3.472855 0.8920625 0.03799045 -0.4396296 0.8981792 0.06565708
825	/track 81 6.074945 3.472855 0.8920625 0.03799045 -0.4396296 0.8981792 0.06565708
825	/track 81 6.075208 3.473465 0.892101 0.03782124 -0.2885763 0.9574569 0.06352303
825	/track 81 6.075208 3.473465 0.892101 0.03782124 -0.2885763 0.9574569 0.06352303
828	/track 81 6.075545 3.474401 0.8921506 0.03756202 -0.1677645 0.985827 0.06302266
828	/track 81 6.075823 3.475182 0.8921914 0.03734579 -0.06801714 0.9976842 0.06159455
828	/track 81 6.075823 3.475182 0.8921914 0.03734579 -0.06801714 0.9976842 0.06159455
831	/track 81 6.073324 3.469586 0.8918244 0.03889591 -0.3934503 0.9193459 0.08509329
831	/track 81 6.072874 3.468745 0.8917583 0.03912885 -0.5917923 0.8060904 0.08219323
831	/track 81 6.072874 3.468745 0.8917583 0.03912885 -0.5917923 0.8060904 0.08219323
833	/track 81 6.073234 3.470079 0.8918111 0.03875927 -0.6231925 0.7820685 0.07675628
833	/track 81 6.073234 3.470079 0.8918111 0.03875927 -0.6231925 0.7820685 0.07675628
836	/track 81 6.074148 3.471887 0.8919454 0.03825859 -0.2897244 0.95711 0.07381026
836	/track 81 6.074148 3.471887 0.8919454 0.03825859 -0.2897244 0.95711 0.07381026
839	/track 81 6.076195 3.476462 0.8922459 0.03699107 0.04827442 0.9988341 0.08029003
839	/track 81 6.076195 3.476462 0.8922459 0.03699107 0.04827442 0.9988341 0.08029003
841	/track 81 6.071904 3.466663 0.8916159 0.03970568 -0.1000765 0.9949797 0.1230901
841	/track 81 6.071904 3.466663 0.8916159 0.03970568 -0.1000765 0.9949797 0.1230901
844	/track 81 6.072466 3.468071 0.8916984 0.03931562 0.07091155 0.9974826 0.1084339
844	/track 81 6.072466 3.468071 0.8916984 0.03931562 0.07091155 0.9974826 0.1084339
847	/track 81 6.073119 3.469409 0.8917943 0.03894505 -0.03293905 0.9994574 0.1021072
847	/track 81 6.073119 3.469409 0.8917943 0.03894505 -0.03293905 0.9994574 0.1021072
849	/track 81 6.074884 3.473251 0.8920535 0.03788068 0.1565791 0.9876654 0.09899286
849	/track 81 6.074884 3.473251 0.8920535 0.03788068 0.1565791 0.9876654 0.09899286
852	/track 81 6.073746 3.470368 0.8918863 0.03867915 0.1020016 0.9947842 0.0993676
852	/track 81 6.073746 3.470368 0.8918863 0.03867915 0.1020016 0.9947842 0.0993676
855	/track 81 6.071979 3.466256 0.8916269 0.03981828 -0.1235097 0.9923433 0.1053374
858	/track 81 6.070868 3.463569 0.8914638 0.04056273 -0.2690493 0.9631265 0.09386855
858	/track 81 6.070868 3.463569 0.8914638 0.04056273 -0.2690493 0.9631265 0.09386855
861	/track 81 6.073642 3.470084 0.891871 0.03875781 0.07258032 0.9973626 0.1077874
861	/track 81 6.073642 3.470084 0.891871 0.03875781 0.07258032 0.9973626 0.1077874
863	/track 81 6.075132 3.473702 0.8920899 0.03775579 0.2230415 0.9748089 0.09892033
863	/track 81 6.075132 3.473702 0.8920899 0.03775579 0.2230415 0.9748089 0.09892033
866	/track 81 6.074498 3.472114 0.8919967 0.03819565 0.1045641 0.9945182 0.08997165
866	/track 81 6.074498 3.472114 0.8919967 0.03819565 0.1045641 0.9945182 0.08997165
872	/track 81 6.076884 3.477732 0.8923471 0.03663925 0.2673401 0.9636023 0.1221268
872	/track 81 6.076884 3.477732 0.8923471 0.03663925 0.2673401 0.9636023 0.1221268
874	/track 81 6.074493 3.472002 0.891996 0.03822669 0.2177711 0.9759999 0.1328148
874	/track 81 6.074493 3.472002 0.891996 0.03822669 0.2177711 0.9759999 0.1328148
877	/track 81 6.075232 3.473797 0.8921046 0.03772931 0.2769214 0.9608926 0.1187956
877	/track 81 6.075232 3.473797 0.8921046 0.03772931 0.2769214 0.9608926 0.1187956
880	/track 81 6.077082 3.478189 0.8923762 0.03651278 0.3308399 0.943687 0.113108
880	/track 81 6.077082 3.478189 0.8923762 0.03651278 0.3308399 0.943687 0.113108
880	/track 81 6.07769 3.479608 0.8924655 0.03611975 0.3435803 0.9391234 0.1108761
880	/track 81 6.07769 3.479608 0.8924655 0.03611975 0.3435803 0.9391234 0.1108761
885	/track 81 6.075398 3.474361 0.892129 0.03757325 0.1792999 0.9837945 0.1022637
885	/track 81 6.075398 3.474361 0.892129 0.03757325 0.1792999 0.9837945 0.1022637
885	/track 81 6.074788 3.472889 0.8920393 0.037981 0.1096314 0.9939724 0.102662
885	/track 81 6.074788 3.472889 0.8920393 0.037981 0.1096314 0.9939724 0.102662
888	/track 81 6.076129 3.475956 0.8922364 0.03713135 0.2169292 0.9761873 0.1023947
888	/track 81 6.076129 3.475956 0.8922364 0.03713135 0.2169292 0.9761873 0.1023947
891	/track 81 6.072627 3.467883 0.891722 0.03936773 -0.03915743 0.9992331 0.1210585
891	/track 81 6.072627 3.467883 0.891722 0.03936773 -0.03915743 0.9992331 0.1210585
894	/track 81 6.071888 3.466352 0.8916135 0.0397916 -0.2340017 0.9722363 0.09959352
896	/track 81 6.069141 3.459899 0.8912101 0.04157914 -0.4596078 0.888122 0.115946
896	/track 81 6.069141 3.459899 0.8912101 0.04157914 -0.4596078 0.888122 0.115946
899	/track 81 6.067726 3.456686 0.8910024 0.04246935 -0.8168912 0.5767917 0.1138499
899	/track 81 6.067726 3.456686 0.8910024 0.04246935 -0.8168912 0.5767917 0.1138499
902	/track 81 6.068687 3.45885 0.8911434 0.04186987 -0.6633961 0.7482684 0.1012759
902	/track 81 6.068687 3.45885 0.8911434 0.04186987 -0.6633961 0.7482684 0.1012759
905	/track 81 6.069368 3.460829 0.8912435 0.04132157 -0.2316913 0.9727893 0.08515497
905	/track 81 6.069368 3.460829 0.8912435 0.04132157 -0.2316913 0.9727893 0.08515497
905	/track 81 6.070844 3.464147 0.8914602 0.04040244 -0.1070469 0.994254 0.09799995
905	/track 81 6.070844 3.464147 0.8914602 0.04040244 -0.1070469 0.994254 0.09799995
907	/track 81 6.074459 3.472298 0.8919911 0.03814459 0.1461239 0.9892663 0.1194604
907	/track 81 6.074459 3.472298 0.8919911 0.03814459 0.1461239 0.9892663 0.1194604
910	/track 81 6.076401 3.476578 0.8922762 0.03695917 0.2448611 0.9695582 0.1238391
910	/track 81 6.076401 3.476578 0.8922762 0.03695917 0.2448611 0.9695582 0.1238391
913	/track 81 6.076752 3.47752 0.8923278 0.03669797 0.1104994 0.9938762 0.1060846
913	/track 81 6.076752 3.47752 0.8923278 0.03669797 0.1104994 0.9938762 0.1060846
916	/track 81 6.074289 3.471417 0.8919661 0.03838876 -0.2397977 0.9708229 0.1121513
916	/track 81 6.074289 3.471417 0.8919661 0.03838876 -0.2397977 0.9708229 0.1121513
918	/track 81 6.075282 3.473824 0.8921119 0.03772185 -0.01867072 0.9998257 0.1062963
918	/track 81 6.075282 3.473824 0.8921119 0.03772185 -0.01867072 0.9998257 0.1062963
921	/track 81 6.075638 3.474856 0.8921642 0.03743594 0.1067383 0.9942871 0.09217009
921	/track 81 6.075638 3.474856 0.8921642 0.03743594 0.1067383 0.9942871 0.09217009
924	/track 81 6.074584 3.47267 0.8920094 0.03804163 0.0581324 0.9983089 0.09351749
924	/track 81 6.073542 3.470401 0.8918563 0.03867024 -0.06078491 0.9981509 0.09885526
924	/track 81 6.073542 3.470401 0.8918563 0.03867024 -0.06078491 0.9981509 0.09885526
927	/track 81 6.075233 3.474227 0.8921046 0.0376103 0.168116 0.9857672 0.09417434
927	/track 81 6.075233 3.474227 0.8921046 0.0376103 0.168116 0.9857672 0.09417434
929	/track 81 6.074605 3.472766 0.8920124 0.03801508 0.2030543 0.9791675 0.08954546
929	/track 81 6.074605 3.472766 0.8920124 0.03801508 0.2030543 0.9791675 0.08954546
932	/track 81 6.072993 3.468972 0.8917758 0.03906584 0.05300843 0.998594 0.09617647
932	/track 81 6.072993 3.468972 0.8917758 0.03906584 0.05300843 0.998594 0.09617647
935	/track 81 6.07191 3.466373 0.8916168 0.03978598 -0.1967091 0.9804619 0.09403986
935	/track 81 6.072334 3.467236 0.891679 0.03954677 -0.07107329 0.9974711 0.09029339
935	/track 81 6.072334 3.467236 0.891679 0.03954677 -0.07107329 0.9974711 0.09029339
938	/track 81 6.07253 3.467386 0.8917078 0.0395053 -0.1644039 0.9863932 0.07416859
938	/track 81 6.07253 3.467386 0.8917078 0.0395053 -0.1644039 0.9863932 0.07416859
940	/track 81 6.071801 3.465539 0.8916007 0.04001681 -0.6872552 0.726416 0.06469166
940	/track 81 6.071801 3.465539 0.8916007 0.04001681 -0.6872552 0.726416 0.06469166
943	/track 81 6.073686 3.469849 0.8918775 0.03882313 -0.3628533 0.9318463 0.07860317
943	/track 81 6.073686 3.469849 0.8918775 0.03882313 -0.3628533 0.9318463 0.07860317
946	/track 81 6.074773 3.472939 0.8920372 0.03796694 -0.03172889 0.9994965 0.07523149
946	/track 81 6.074773 3.472939 0.8920372 0.03796694 -0.03172889 0.9994965 0.07523149
949	/track 81 6.074221 3.471867 0.891956 0.03826394 -0.2087017 0.9779793 0.08542792
949	/track 81 6.074221 3.471867 0.891956 0.03826394 -0.2087017 0.9779793 0.08542792
952	/track 81 6.073104 3.469436 0.8917921 0.03893739 -0.4232395 0.9060179 0.09809522
952	/track 81 6.073104 3.469436 0.8917921 0.03893739 -0.4232395 0.9060179 0.09809522
955	/track 81 6.074039 3.471607 0.8919294 0.03833599 -0.2959151 0.9552143 0.105813
955	/track 81 6.074039 3.471607 0.8919294 0.03833599 -0.2959151 0.9552143 0.105813
957	/track 81 6.075634 3.475258 0.8921636 0.03732466 0.04081585 0.9991667 0.09848597
957	/track 81 6.075634 3.475258 0.8921636 0.03732466 0.04081585 0.9991667 0.09848597
960	/track 81 6.075936 3.475825 0.8922079 0.03716774 0.2003918 0.9797158 0.08332966
960	/track 81 6.075936 3.475825 0.8922079 0.03716774 0.2003918 0.9797158 0.08332966
963	/track 81 6.076055 3.476012 0.8922254 0.03711589 0.2481449 0.9687229 0.06966375
963	/track 81 6.076055 3.476012 0.8922254 0.03711589 0.2481449 0.9687229 0.06966375
963	/track 81 6.075788 3.475406 0.8921863 0.03728371 0.195019 0.9807995 0.06683405
963	/track 81 6.075788 3.475406 0.8921863 0.03728371 0.195019 0.9807995 0.06683405
968	/track 81 6.074566 3.472531 0.8920068 0.03808 0.1703824 0.985378 0.09370495
968	/track 81 6.074566 3.472531 0.8920068 0.03808 0.1703824 0.985378 0.09370495
971	/track 81 6.070991 3.464375 0.8914818 0.0403395 -0.002770238 0.9999962 0.115104
971	/track 81 6.070991 3.464375 0.8914818 0.0403395 -0.002770238 0.9999962 0.115104
973	/track 81 6.071404 3.465662 0.8915425 0.03998286 0.1501292 0.9886664 0.0915603
973	/track 81 6.071404 3.465662 0.8915425 0.03998286 0.1501292 0.9886664 0.0915603
976	/track 81 6.072245 3.467263 0.8916659 0.03953937 0.2669022 0.9637237 0.08457132
976	/track 81 6.072245 3.467263 0.8916659 0.03953937 0.2669022 0.9637237 0.08457132
979	/track 81 6.071108 3.464389 0.891499 0.04033554 0.2425214 0.9701461 0.0871056
979	/track 81 6.071108 3.464389 0.891499 0.04033554 0.2425214 0.9701461 0.0871056
982	/track 81 6.074127 3.47132 0.8919423 0.03841564 0.3203259 0.9473075 0.1049799
982	/track 81 6.074127 3.47132 0.8919423 0.03841564 0.3203259 0.9473075 0.1049799
985	/track 81 6.072278 3.467127 0.8916707 0.03957715 0.2841936 0.9587669 0.1239451
985	/track 81 6.072278 3.467127 0.8916707 0.03957715 0.2841936 0.9587669 0.1239451
988	/track 81 6.073053 3.468929 0.8917847 0.03907793 0.3003621 0.9538252 0.1190021
988	/track 81 6.073053 3.468929 0.8917847 0.03907793 0.3003621 0.9538252 0.1190021
990	/track 81 6.070565 3.462982 0.8914193 0.04072513 0.1735747 0.9848207 0.1214459
990	/track 81 6.070565 3.462982 0.8914193 0.04072513 0.1735747 0.9848207 0.1214459
993	/track 81 6.071062 3.464537 0.8914922 0.04029446 0.2213947 0.9751842 0.1077705
993	/track 81 6.071062 3.464537 0.8914922 0.04029446 0.2213947 0.9751842 0.1077705
996	/track 81 6.073536 3.470228 0.8918555 0.03871805 0.3025905 0.9531206 0.1127695
996	/track 81 6.073536 3.470228 0.8918555 0.03871805 0.3025905 0.9531206 0.1127695
999	/track 81 6.073759 3.470394 0.8918883 0.03867196 0.6451367 0.7640671 0.08503027
1001	/track 81 6.073627 3.46988 0.8918689 0.03881434 0.6621312 0.749388 0.07015013
1001	/track 81 6.073627 3.46988 0.8918689 0.03881434 0.6621312 0.749388 0.07015013
1004	/track 81 6.073861 3.470388 0.8919032 0.03867374 0.6802072 0.7330199 0.07058831
1007	/track 81 6.073942 3.470715 0.8919151 0.03858306 0.6350957 0.7724335 0.07532641
1007	/track 81 6.073942 3.470715 0.8919151 0.03858306 0.6350957 0.7724335 0.07532641
1010	/track 81 6.076126 3.475818 0.8922359 0.03716952 0.6000091 0.7999933 0.1043294
1010	/track 81 6.076126 3.475818 0.8922359 0.03716952 0.6000091 0.7999933 0.1043294
