3453	/frame 24903 /track 1 0.4361959 3.010693 0.06405226 0.166013 -0.7387171 -0.6740156 0.06000418
3453	/frame 24903 /track 1 0.4361959 3.010693 0.06405226 0.166013 -0.7387171 -0.6740156 0.06000418
3454	/frame 24904 /track 1 0.4371054 3.009795 0.06418582 0.1662617 -0.5496032 -0.8354259 0.06152082
3454	/frame 24904 /track 1 0.4371054 3.009795 0.06418582 0.1662617 -0.5496032 -0.8354259 0.06152082
3455	/frame 24905 /track 1 0.4350481 3.010058 0.06388372 0.166189 -0.7051335 -0.7090746 0.068331
3455	/frame 24905 /track 1 0.4350481 3.010058 0.06388372 0.166189 -0.7051335 -0.7090746 0.068331
3456	/frame 24906 /track 1 0.4331999 3.010329 0.06361233 0.1661138 -0.8173413 -0.5761539 0.07248634
3456	/frame 24906 /track 1 0.4331999 3.010329 0.06361233 0.1661138 -0.8173413 -0.5761539 0.07248634
3457	/frame 24907 /track 1 0.4336948 3.0106 0.06368499 0.1660387 -0.7950085 -0.6065983 0.06855683
3457	/frame 24907 /track 1 0.4336948 3.0106 0.06368499 0.1660387 -0.7950085 -0.6065983 0.06855683
3458	/frame 24908 /track 1 0.4341291 3.010864 0.06374876 0.1659658 -0.7728102 -0.6346373 0.06487486
3458	/frame 24908 /track 1 0.4341291 3.010864 0.06374876 0.1659658 -0.7728102 -0.6346373 0.06487486
3459	/frame 24909 /track 1 0.4345042 3.011113 0.06380384 0.1658967 -0.7510532 -0.6602417 0.06103773
3459	/frame 24909 /track 1 0.4345042 3.011113 0.06380384 0.1658967 -0.7510532 -0.6602417 0.06103773
3460	/frame 24910 /track 1 0.4338143 3.012915 0.06370253 0.1653976 -0.8923786 -0.4512876 0.06628145
3460	/frame 24910 /track 1 0.4338143 3.012915 0.06370253 0.1653976 -0.8923786 -0.4512876 0.06628145
3461	/frame 24911 /track 1 0.4329765 3.01416 0.06357951 0.1650528 -0.9735098 -0.2286453 0.06848064
3461	/frame 24911 /track 1 0.4329765 3.01416 0.06357951 0.1650528 -0.9735098 -0.2286453 0.06848064
3462	/frame 24912 /track 1 0.4322436 3.015233 0.06347189 0.1647556 -0.999824 -0.01875538 0.0697534
3462	/frame 24912 /track 1 0.4322436 3.015233 0.06347189 0.1647556 -0.999824 -0.01875538 0.0697534
3463	/frame 24913 /track 1 0.4320607 3.015582 0.06344504 0.1646589 -0.9837024 0.1798042 0.06509589
3463	/frame 24913 /track 1 0.4320607 3.015582 0.06344504 0.1646589 -0.9837024 0.1798042 0.06509589
3464	/frame 24914 /track 1 0.4319172 3.01585 0.06342396 0.1645844 -0.9395506 0.3424101 0.06049023
3464	/frame 24914 /track 1 0.4319172 3.01585 0.06342396 0.1645844 -0.9395506 0.3424101 0.06049023
3465	/frame 24915 /track 1 0.4318081 3.016049 0.06340795 0.1645294 -0.8833102 0.4687889 0.05577406
3465	/frame 24915 /track 1 0.4318081 3.016049 0.06340795 0.1645294 -0.8833102 0.4687889 0.05577406
3466	/frame 24916 /track 1 0.4317288 3.016188 0.0633963 0.164491 -0.8262739 0.5632685 0.0511367
3466	/frame 24916 /track 1 0.4317288 3.016188 0.0633963 0.164491 -0.8262739 0.5632685 0.0511367
3467	/frame 24917 /track 1 0.4310025 3.017061 0.06328964 0.1642491 -0.7936721 0.6083457 0.05270384
3467	/frame 24917 /track 1 0.4310025 3.017061 0.06328964 0.1642491 -0.7936721 0.6083457 0.05270384
3468	/frame 24918 /track 1 0.4303831 3.017792 0.06319869 0.1640465 -0.7668499 0.6418265 0.05342382
3468	/frame 24918 /track 1 0.4303831 3.017792 0.06319869 0.1640465 -0.7668499 0.6418265 0.05342382
3469	/frame 24919 /track 1 0.4296399 3.018954 0.06308956 0.1637247 -0.7264349 0.6872354 0.05619306
3469	/frame 24919 /track 1 0.4296399 3.018954 0.06308956 0.1637247 -0.7264349 0.6872354 0.05619306
3470	/frame 24920 /track 1 0.4290176 3.019926 0.06299818 0.1634555 -0.6920871 0.721814 0.05778731
3470	/frame 24920 /track 1 0.4290176 3.019926 0.06299818 0.1634555 -0.6920871 0.721814 0.05778731
3471	/frame 24921 /track 1 0.429291 3.020051 0.06303833 0.1634207 -0.4889868 0.8722911 0.05377765
3471	/frame 24921 /track 1 0.429291 3.020051 0.06303833 0.1634207 -0.4889868 0.8722911 0.05377765
3472	/frame 24922 /track 1 0.4295646 3.020105 0.0630785 0.1634057 -0.2543045 0.9671242 0.05004057
3472	/frame 24922 /track 1 0.4295646 3.020105 0.0630785 0.1634057 -0.2543045 0.9671242 0.05004057
3473	/frame 24923 /track 1 0.4298308 3.020103 0.06311759 0.1634065 -0.002853154 0.9999959 0.04660243
3473	/frame 24923 /track 1 0.4298308 3.020103 0.06311759 0.1634065 -0.002853154 0.9999959 0.04660243
3474	/frame 24924 /track 1 0.4297476 3.019944 0.06310537 0.1634505 -0.1520861 0.9883673 0.04306252
3474	/frame 24924 /track 1 0.4297476 3.019944 0.06310537 0.1634505 -0.1520861 0.9883673 0.04306252
3475	/frame 24925 /track 1 0.4296901 3.019767 0.06309693 0.1634996 -0.293151 0.9560661 0.03985319
3475	/frame 24925 /track 1 0.4296901 3.019767 0.06309693 0.1634996 -0.293151 0.9560661 0.03985319
3476	/frame 24926 /track 1 0.4285334 3.021149 0.06292707 0.1631167 -0.367894 0.9298677 0.04713329
3476	/frame 24926 /track 1 0.4285334 3.021149 0.06292707 0.1631167 -0.367894 0.9298677 0.04713329
3477	/frame 24927 /track 1 0.4275375 3.022329 0.06278084 0.1627899 -0.427195 0.9041595 0.05150127
3477	/frame 24927 /track 1 0.4275375 3.022329 0.06278084 0.1627899 -0.427195 0.9041595 0.05150127
3478	/frame 24928 /track 1 0.4266942 3.023318 0.06265701 0.1625157 -0.4743471 0.8803378 0.05399964
3478	/frame 24928 /track 1 0.4266942 3.023318 0.06265701 0.1625157 -0.4743471 0.8803378 0.05399964
3479	/frame 24929 /track 1 0.4284583 3.020995 0.06291605 0.1631593 -0.4282224 0.9036734 0.06683227
3479	/frame 24929 /track 1 0.4284583 3.020995 0.06291605 0.1631593 -0.4282224 0.9036734 0.06683227
3480	/frame 24930 /track 1 0.4300371 3.018914 0.06314788 0.1637358 -0.3655287 0.9308001 0.07551388
3480	/frame 24930 /track 1 0.4300371 3.018914 0.06314788 0.1637358 -0.3655287 0.9308001 0.07551388
3481	/frame 24931 /track 1 0.4301952 3.018872 0.0631711 0.1637473 -0.1397205 0.990191 0.06892468
3481	/frame 24931 /track 1 0.4301952 3.018872 0.0631711 0.1637473 -0.1397205 0.990191 0.06892468
3482	/frame 24932 /track 1 0.4303264 3.018843 0.06319037 0.1637553 0.112483 0.9936537 0.06287192
3482	/frame 24932 /track 1 0.4303264 3.018843 0.06319037 0.1637553 0.112483 0.9936537 0.06287192
3483	/frame 24933 /track 1 0.4304331 3.018825 0.06320603 0.1637603 0.3542887 0.9351361 0.05722097
3483	/frame 24933 /track 1 0.4304331 3.018825 0.06320603 0.1637603 0.3542887 0.9351361 0.05722097
3484	/frame 24934 /track 1 0.430966 3.018144 0.06328429 0.1639492 0.5684804 0.8226967 0.05658841
3484	/frame 24934 /track 1 0.430966 3.018144 0.06328429 0.1639492 0.5684804 0.8226967 0.05658841
3485	/frame 24935 /track 1 0.4314221 3.017555 0.06335127 0.1641122 0.7569237 0.6535032 0.05558293
3485	/frame 24935 /track 1 0.4314221 3.017555 0.06335127 0.1641122 0.7569237 0.6535032 0.05558293
3486	/frame 24936 /track 1 0.4311337 3.017952 0.06330891 0.1640023 0.579258 0.8151443 0.0529101
3486	/frame 24936 /track 1 0.4311337 3.017952 0.06330891 0.1640023 0.579258 0.8151443 0.0529101
3487	/frame 24937 /track 1 0.431873 3.017084 0.06341747 0.1642427 0.7656868 0.6432136 0.05432648
3487	/frame 24937 /track 1 0.431873 3.017084 0.06341747 0.1642427 0.7656868 0.6432136 0.05432648
3488	/frame 24938 /track 1 0.4325058 3.016338 0.0635104 0.1644492 0.8993367 0.4372568 0.05500582
3488	/frame 24938 /track 1 0.4325058 3.016338 0.0635104 0.1644492 0.8993367 0.4372568 0.05500582
3489	/frame 24939 /track 1 0.4330385 3.015709 0.06358862 0.1646237 0.9743592 0.2249985 0.05435655
3489	/frame 24939 /track 1 0.4330385 3.015709 0.06358862 0.1646237 0.9743592 0.2249985 0.05435655
3490	/frame 24940 /track 1 0.4331423 3.015074 0.06360386 0.1647993 0.9997374 -0.02291286 0.05270108
3490	/frame 24940 /track 1 0.4331423 3.015074 0.06360386 0.1647993 0.9997374 -0.02291286 0.05270108
3491	/frame 24941 /track 1 0.4332049 3.014552 0.06361306 0.164944 0.966678 -0.2559954 0.05052439
3491	/frame 24941 /track 1 0.4332049 3.014552 0.06361306 0.164944 0.966678 -0.2559954 0.05052439
3492	/frame 24942 /track 1 0.4332339 3.014132 0.06361731 0.1650604 0.8889492 -0.4580058 0.04810525
3492	/frame 24942 /track 1 0.4332339 3.014132 0.06361731 0.1650604 0.8889492 -0.4580058 0.04810525
3493	/frame 24943 /track 1 0.4327876 3.015147 0.06355178 0.1647793 0.9606614 -0.2777223 0.04981663
3493	/frame 24943 /track 1 0.4327876 3.015147 0.06355178 0.1647793 0.9606614 -0.2777223 0.04981663
3494	/frame 24944 /track 1 0.4323777 3.01607 0.06349158 0.1645237 0.9984517 -0.05562472 0.05114532
3494	/frame 24944 /track 1 0.4323777 3.01607 0.06349158 0.1645237 0.9984517 -0.05562472 0.05114532
3495	/frame 24945 /track 1 0.4320073 3.016895 0.06343719 0.164295 0.9816617 0.1906308 0.05135253
3495	/frame 24945 /track 1 0.4320073 3.016895 0.06343719 0.164295 0.9816617 0.1906308 0.05135253
3496	/frame 24946 /track 1 0.43179 3.016389 0.06340529 0.1644352 0.9989472 -0.04587373 0.04945611
3496	/frame 24946 /track 1 0.43179 3.016389 0.06340529 0.1644352 0.9989472 -0.04587373 0.04945611
3497	/frame 24947 /track 1 0.4315995 3.015944 0.06337731 0.1645585 0.9557098 -0.2943109 0.04753675
3497	/frame 24947 /track 1 0.4315995 3.015944 0.06337731 0.1645585 0.9557098 -0.2943109 0.04753675
3498	/frame 24948 /track 1 0.4309866 3.016343 0.06328732 0.164448 0.9784793 -0.2063451 0.04708426
3498	/frame 24948 /track 1 0.4309866 3.016343 0.06328732 0.164448 0.9784793 -0.2063451 0.04708426
3499	/frame 24949 /track 1 0.4314645 3.016138 0.06335749 0.1645046 0.9695911 -0.2447311 0.04543345
3499	/frame 24949 /track 1 0.4314645 3.016138 0.06335749 0.1645046 0.9695911 -0.2447311 0.04543345
3500	/frame 24950 /track 1 0.4318919 3.015962 0.06342025 0.1645535 0.9621029 -0.2726861 0.04378014
3500	/frame 24950 /track 1 0.4318919 3.015962 0.06342025 0.1645535 0.9621029 -0.2726861 0.04378014
3501	/frame 24951 /track 1 0.4322684 3.015812 0.06347553 0.1645951 0.9562612 -0.2925145 0.04178569
3501	/frame 24951 /track 1 0.4322684 3.015812 0.06347553 0.1645951 0.9562612 -0.2925145 0.04178569
3502	/frame 24952 /track 1 0.4337154 3.014006 0.06368802 0.1650954 0.915653 -0.4019696 0.05122134
3502	/frame 24952 /track 1 0.4337154 3.014006 0.06368802 0.1650954 0.915653 -0.4019696 0.05122134
3503	/frame 24953 /track 1 0.4349714 3.012437 0.06387245 0.1655299 0.8733656 -0.4870653 0.05865825
3503	/frame 24953 /track 1 0.4349714 3.012437 0.06387245 0.1655299 0.8733656 -0.4870653 0.05865825
3504	/frame 24954 /track 1 0.4360442 3.011097 0.06402998 0.1659012 0.833379 -0.5527021 0.06289135
3504	/frame 24954 /track 1 0.4360442 3.011097 0.06402998 0.1659012 0.833379 -0.5527021 0.06289135
3505	/frame 24955 /track 1 0.4348155 3.01266 0.06384956 0.1654681 0.8859453 -0.4637897 0.06829951
3505	/frame 24955 /track 1 0.4348155 3.01266 0.06384956 0.1654681 0.8859453 -0.4637897 0.06829951
3506	/frame 24956 /track 1 0.4337003 3.014078 0.0636858 0.1650755 0.9395909 -0.3422997 0.07274169
3506	/frame 24956 /track 1 0.4337003 3.014078 0.0636858 0.1650755 0.9395909 -0.3422997 0.07274169
3507	/frame 24957 /track 1 0.4327041 3.015342 0.06353951 0.1647251 0.9833939 -0.1814838 0.07493823
3507	/frame 24957 /track 1 0.4327041 3.015342 0.06353951 0.1647251 0.9833939 -0.1814838 0.07493823
3508	/frame 24958 /track 1 0.4322763 3.016117 0.0634767 0.1645105 0.9989915 0.04489848 0.07264967
3508	/frame 24958 /track 1 0.4322763 3.016117 0.0634767 0.1645105 0.9989915 0.04489848 0.07264967
3509	/frame 24959 /track 1 0.4319088 3.016784 0.06342273 0.1643257 0.9572334 0.2893172 0.07014604
3509	/frame 24959 /track 1 0.4319088 3.016784 0.06342273 0.1643257 0.9572334 0.2893172 0.07014604
3510	/frame 24960 /track 1 0.4320467 3.016454 0.06344298 0.1644173 0.9985358 0.05409542 0.06524023
3510	/frame 24960 /track 1 0.4320467 3.016454 0.06344298 0.1644173 0.9985358 0.05409542 0.06524023
3511	/frame 24961 /track 1 0.4321802 3.016142 0.06346259 0.1645035 0.9872387 -0.1592476 0.06070788
3511	/frame 24961 /track 1 0.4321802 3.016142 0.06346259 0.1645035 0.9872387 -0.1592476 0.06070788
3512	/frame 24962 /track 1 0.4317463 3.01664 0.06339887 0.1643658 0.9993206 0.03685527 0.05851961
3512	/frame 24962 /track 1 0.4317463 3.01664 0.06339887 0.1643658 0.9993206 0.03685527 0.05851961
3513	/frame 24963 /track 1 0.4313749 3.017063 0.06334434 0.1642484 0.9651409 0.261731 0.05618884
3513	/frame 24963 /track 1 0.4313749 3.017063 0.06334434 0.1642484 0.9651409 0.261731 0.05618884
3514	/frame 24964 /track 1 0.4306141 3.017642 0.06323262 0.164088 0.8794275 0.4760329 0.0561934
3514	/frame 24964 /track 1 0.4306141 3.017642 0.06323262 0.164088 0.8794275 0.4760329 0.0561934
3515	/frame 24965 /track 1 0.429965 3.018129 0.0631373 0.1639531 0.7342762 0.6788508 0.05564642
3515	/frame 24965 /track 1 0.429965 3.018129 0.0631373 0.1639531 0.7342762 0.6788508 0.05564642
3516	/frame 24966 /track 1 0.4294205 3.018532 0.06305735 0.1638417 0.5403551 0.841437 0.05406361
3516	/frame 24966 /track 1 0.4294205 3.018532 0.06305735 0.1638417 0.5403551 0.841437 0.05406361
3517	/frame 24967 /track 1 0.4296449 3.018744 0.06309029 0.1637827 0.5802349 0.8144492 0.05047663
3517	/frame 24967 /track 1 0.4296449 3.018744 0.06309029 0.1637827 0.5802349 0.8144492 0.05047663
3518	/frame 24968 /track 1 0.4298706 3.018903 0.06312344 0.1637388 0.6339328 0.7733882 0.04715313
3518	/frame 24968 /track 1 0.4298706 3.018903 0.06312344 0.1637388 0.6339328 0.7733882 0.04715313
3519	/frame 24969 /track 1 0.4300912 3.019015 0.06315582 0.1637079 0.6954449 0.7185794 0.04389168
3519	/frame 24969 /track 1 0.4300912 3.019015 0.06315582 0.1637079 0.6954449 0.7185794 0.04389168
3520	/frame 24970 /track 1 0.4297411 3.019199 0.06310443 0.1636568 0.4924141 0.870361 0.04182946
3520	/frame 24970 /track 1 0.4297411 3.019199 0.06310443 0.1636568 0.4924141 0.870361 0.04182946
3521	/frame 24971 /track 1 0.4298972 3.018888 0.06312735 0.1637429 0.6840166 0.7294664 0.03969159
3521	/frame 24971 /track 1 0.4298972 3.018888 0.06312735 0.1637429 0.6840166 0.7294664 0.03969159
3522	/frame 24972 /track 1 0.430049 3.018595 0.06314964 0.1638243 0.8449991 0.5347676 0.03778895
3522	/frame 24972 /track 1 0.430049 3.018595 0.06314964 0.1638243 0.8449991 0.5347676 0.03778895
3523	/frame 24973 /track 1 0.4301933 3.018322 0.06317082 0.1638997 0.951157 0.3087074 0.03582262
3523	/frame 24973 /track 1 0.4301933 3.018322 0.06317082 0.1638997 0.951157 0.3087074 0.03582262
3524	/frame 24974 /track 1 0.4302157 3.018298 0.06317411 0.1639063 0.9938468 0.110764 0.0324326
3524	/frame 24974 /track 1 0.4302157 3.018298 0.06317411 0.1639063 0.9938468 0.110764 0.0324326
3525	/frame 24975 /track 1 0.4302409 3.018271 0.06317782 0.1639138 0.9980611 -0.06224079 0.02942021
3525	/frame 24975 /track 1 0.4302409 3.018271 0.06317782 0.1639138 0.9980611 -0.06224079 0.02942021
3526	/frame 24976 /track 1 0.4302678 3.018243 0.06318176 0.1639216 0.9787943 -0.2048455 0.02670786
3526	/frame 24976 /track 1 0.4302678 3.018243 0.06318176 0.1639216 0.9787943 -0.2048455 0.02670786
3527	/frame 24977 /track 1 0.4305192 3.018102 0.06321868 0.1639607 0.9645503 -0.2638989 0.0257324
3527	/frame 24977 /track 1 0.4305192 3.018102 0.06321868 0.1639607 0.9645503 -0.2638989 0.0257324
3528	/frame 24978 /track 1 0.4307415 3.017976 0.06325133 0.1639956 0.9502269 -0.3115585 0.02475704
3528	/frame 24978 /track 1 0.4307415 3.017976 0.06325133 0.1639956 0.9502269 -0.3115585 0.02475704
3529	/frame 24979 /track 1 0.4304869 3.018313 0.06321394 0.1639022 0.9905089 -0.1374484 0.02476651
3529	/frame 24979 /track 1 0.4304869 3.018313 0.06321394 0.1639022 0.9905089 -0.1374484 0.02476651
3530	/frame 24980 /track 1 0.4302619 3.018608 0.06318089 0.1638206 0.9972312 0.07436314 0.02447105
3530	/frame 24980 /track 1 0.4302619 3.018608 0.06318089 0.1638206 0.9972312 0.07436314 0.02447105
3531	/frame 24981 /track 1 0.430066 3.018861 0.06315213 0.1637504 0.9512609 0.3083872 0.02402571
3531	/frame 24981 /track 1 0.430066 3.018861 0.06315213 0.1637504 0.9512609 0.3083872 0.02402571
3532	/frame 24982 /track 1 0.430907 3.017507 0.06327562 0.1641256 0.9962088 0.08699496 0.03100252
3532	/frame 24982 /track 1 0.430907 3.017507 0.06327562 0.1641256 0.9962088 0.08699496 0.03100252
3533	/frame 24983 /track 1 0.4316456 3.016316 0.06338409 0.1644553 0.9937552 -0.1115834 0.03665696
3533	/frame 24983 /track 1 0.4316456 3.016316 0.06338409 0.1644553 0.9937552 -0.1115834 0.03665696
3534	/frame 24984 /track 1 0.4313877 3.016855 0.06334621 0.164306 0.9916171 0.1292109 0.03650654
3534	/frame 24984 /track 1 0.4313877 3.016855 0.06334621 0.164306 0.9916171 0.1292109 0.03650654
3535	/frame 24985 /track 1 0.431373 3.016451 0.06334406 0.1644181 0.9923556 -0.1234118 0.03523742
3535	/frame 24985 /track 1 0.431373 3.016451 0.06334406 0.1644181 0.9923556 -0.1234118 0.03523742
3536	/frame 24986 /track 1 0.4313513 3.01611 0.06334087 0.1645124 0.933681 -0.358106 0.03372047
3536	/frame 24986 /track 1 0.4313513 3.01611 0.06334087 0.1645124 0.933681 -0.358106 0.03372047
3537	/frame 24987 /track 1 0.4313246 3.015829 0.06333695 0.1645902 0.8312339 -0.5559229 0.03211316
3537	/frame 24987 /track 1 0.4313246 3.015829 0.06333695 0.1645902 0.8312339 -0.5559229 0.03211316
3538	/frame 24988 /track 1 0.431407 3.01605 0.06334905 0.164529 0.9443327 -0.328992 0.03028923
3538	/frame 24988 /track 1 0.431407 3.01605 0.06334905 0.164529 0.9443327 -0.328992 0.03028923
3539	/frame 24989 /track 1 0.4314735 3.016262 0.06335881 0.1644703 0.9962155 -0.08691779 0.028567
3539	/frame 24989 /track 1 0.4314735 3.016262 0.06335881 0.1644703 0.9962155 -0.08691779 0.028567
3540	/frame 24990 /track 1 0.4315258 3.016461 0.06336649 0.1644152 0.9892976 0.1459119 0.02699533
3540	/frame 24990 /track 1 0.4315258 3.016461 0.06336649 0.1644152 0.9892976 0.1459119 0.02699533
3541	/frame 24991 /track 1 0.432126 3.015636 0.06345462 0.1646439 0.9987221 -0.0505366 0.03029913
3541	/frame 24991 /track 1 0.432126 3.015636 0.06345462 0.1646439 0.9987221 -0.0505366 0.03029913
3542	/frame 24992 /track 1 0.4326439 3.014922 0.06353068 0.1648416 0.9762975 -0.2164327 0.03245694
3542	/frame 24992 /track 1 0.4326439 3.014922 0.06353068 0.1648416 0.9762975 -0.2164327 0.03245694
3543	/frame 24993 /track 1 0.4325231 3.015435 0.06351294 0.1646994 0.9995209 0.03094963 0.03250705
3543	/frame 24993 /track 1 0.4325231 3.015435 0.06351294 0.1646994 0.9995209 0.03094963 0.03250705
3544	/frame 24994 /track 1 0.4324009 3.015905 0.063495 0.1645693 0.9596254 0.2812814 0.03211116
3544	/frame 24994 /track 1 0.4324009 3.015905 0.063495 0.1645693 0.9596254 0.2812814 0.03211116
3545	/frame 24995 /track 1 0.432281 3.016328 0.0634774 0.1644522 0.8622755 0.5064393 0.03164623
3545	/frame 24995 /track 1 0.432281 3.016328 0.0634774 0.1644522 0.8622755 0.5064393 0.03164623
3546	/frame 24996 /track 1 0.4313818 3.017487 0.06334534 0.1641311 0.7085426 0.7056681 0.03711172
3546	/frame 24996 /track 1 0.4313818 3.017487 0.06334534 0.1641311 0.7085426 0.7056681 0.03711172
3547	/frame 24997 /track 1 0.4305898 3.018498 0.06322905 0.163851 0.5222431 0.8527967 0.04095555
3547	/frame 24997 /track 1 0.4305898 3.018498 0.06322905 0.163851 0.5222431 0.8527967 0.04095555
3548	/frame 24998 /track 1 0.4305757 3.018582 0.06322698 0.1638278 0.3999436 0.9165397 0.03735922
3548	/frame 24998 /track 1 0.4305757 3.018582 0.06322698 0.1638278 0.3999436 0.9165397 0.03735922
3549	/frame 24999 /track 1 0.4305766 3.01863 0.0632271 0.1638144 0.3271706 0.9449653 0.03390945
3549	/frame 24999 /track 1 0.4305766 3.01863 0.0632271 0.1638144 0.3271706 0.9449653 0.03390945
3550	/frame 25000 /track 1 0.430589 3.018651 0.06322894 0.1638087 0.3680684 0.9297987 0.03066718
3550	/frame 25000 /track 1 0.430589 3.018651 0.06322894 0.1638087 0.3680684 0.9297987 0.03066718
3551	/frame 25001 /track 1 0.4306102 3.019096 0.06323203 0.1636852 0.3062606 0.9519477 0.0303901
3551	/frame 25001 /track 1 0.4306102 3.019096 0.06323203 0.1636852 0.3062606 0.9519477 0.0303901
3552	/frame 25002 /track 1 0.4306374 3.019467 0.06323604 0.1635825 0.2606033 0.965446 0.0295392
3552	/frame 25002 /track 1 0.4306374 3.019467 0.06323604 0.1635825 0.2606033 0.965446 0.0295392
3553	/frame 25003 /track 1 0.4304445 3.019322 0.06320771 0.1636228 0.07333878 0.9973071 0.02800724
3553	/frame 25003 /track 1 0.4304445 3.019322 0.06320771 0.1636228 0.07333878 0.9973071 0.02800724
3554	/frame 25004 /track 1 0.4302824 3.019172 0.06318391 0.1636643 -0.1335918 0.9910365 0.0265854
3554	/frame 25004 /track 1 0.4302824 3.019172 0.06318391 0.1636643 -0.1335918 0.9910365 0.0265854
3555	/frame 25005 /track 1 0.4301488 3.019023 0.06316429 0.1637055 -0.3513543 0.9362426 0.02510308
3555	/frame 25005 /track 1 0.4301488 3.019023 0.06316429 0.1637055 -0.3513543 0.9362426 0.02510308
3556	/frame 25006 /track 1 0.4289203 3.018095 0.06298389 0.1639627 -0.5754575 0.8178316 0.03165078
3556	/frame 25006 /track 1 0.4289203 3.018095 0.06298389 0.1639627 -0.5754575 0.8178316 0.03165078
3557	/frame 25007 /track 1 0.4293149 3.018059 0.06304184 0.1639727 -0.3783505 0.9256624 0.03081641
3557	/frame 25007 /track 1 0.4293149 3.018059 0.06304184 0.1639727 -0.3783505 0.9256624 0.03081641
3558	/frame 25008 /track 1 0.4296819 3.018029 0.06309573 0.1639809 -0.1395416 0.9902162 0.03003605
3558	/frame 25008 /track 1 0.4296819 3.018029 0.06309573 0.1639809 -0.1395416 0.9902162 0.03003605
3559	/frame 25009 /track 1 0.4300173 3.018005 0.06314498 0.1639875 0.1138095 0.9935026 0.02901034
3559	/frame 25009 /track 1 0.4300173 3.018005 0.06314498 0.1639875 0.1138095 0.9935026 0.02901034
3560	/frame 25010 /track 1 0.4300947 3.018323 0.06315634 0.1638995 0.1386833 0.9903368 0.02815219
3560	/frame 25010 /track 1 0.4300947 3.018323 0.06315634 0.1638995 0.1386833 0.9903368 0.02815219
3561	/frame 25011 /track 1 0.430166 3.018602 0.06316681 0.1638222 0.1607136 0.9870011 0.02703199
3561	/frame 25011 /track 1 0.430166 3.018602 0.06316681 0.1638222 0.1607136 0.9870011 0.02703199
3562	/frame 25012 /track 1 0.4305668 3.017835 0.06322568 0.1640346 0.3410872 0.9400316 0.02941949
3562	/frame 25012 /track 1 0.4305668 3.017835 0.06322568 0.1640346 0.3410872 0.9400316 0.02941949
3563	/frame 25013 /track 1 0.4309178 3.017161 0.06327721 0.1642213 0.5377566 0.8431002 0.03122687
3563	/frame 25013 /track 1 0.4309178 3.017161 0.06327721 0.1642213 0.5377566 0.8431002 0.03122687
3564	/frame 25014 /track 1 0.4312202 3.016578 0.06332161 0.1643829 0.7256134 0.6881026 0.03196838
3564	/frame 25014 /track 1 0.4312202 3.016578 0.06332161 0.1643829 0.7256134 0.6881026 0.03196838
3565	/frame 25015 /track 1 0.4302437 3.017651 0.06317823 0.1640857 0.5368772 0.8436604 0.03730402
3565	/frame 25015 /track 1 0.4302437 3.017651 0.06317823 0.1640857 0.5368772 0.8436604 0.03730402
3566	/frame 25016 /track 1 0.4293818 3.018604 0.06305166 0.1638216 0.3365177 0.9416771 0.04113394
3566	/frame 25016 /track 1 0.4293818 3.018604 0.06305166 0.1638216 0.3365177 0.9416771 0.04113394
3567	/frame 25017 /track 1 0.4286329 3.019438 0.06294169 0.1635905 0.147596 0.9890478 0.04402734
3567	/frame 25017 /track 1 0.4286329 3.019438 0.06294169 0.1635905 0.147596 0.9890478 0.04402734
3568	/frame 25018 /track 1 0.4285528 3.019485 0.06292992 0.1635777 -0.06292003 0.9980186 0.04016889
3568	/frame 25018 /track 1 0.4285528 3.019485 0.06292992 0.1635777 -0.06292003 0.9980186 0.04016889
3569	/frame 25019 /track 1 0.4286152 3.019731 0.06293909 0.1635094 -0.0009769253 0.9999995 0.03764784
3569	/frame 25019 /track 1 0.4286152 3.019731 0.06293909 0.1635094 -0.0009769253 0.9999995 0.03764784
3570	/frame 25020 /track 1 0.4286882 3.01993 0.06294981 0.1634544 0.06926811 0.9975981 0.03520555
3570	/frame 25020 /track 1 0.4286882 3.01993 0.06294981 0.1634544 0.06926811 0.9975981 0.03520555
3571	/frame 25021 /track 1 0.4292157 3.01975 0.06302727 0.1635043 0.3179974 0.9480917 0.03496397
3571	/frame 25021 /track 1 0.4292157 3.01975 0.06302727 0.1635043 0.3179974 0.9480917 0.03496397
3572	/frame 25022 /track 1 0.4296887 3.019575 0.06309672 0.1635526 0.5411068 0.8409539 0.03443291
3572	/frame 25022 /track 1 0.4296887 3.019575 0.06309672 0.1635526 0.5411068 0.8409539 0.03443291
3573	/frame 25023 /track 1 0.4301061 3.01941 0.06315801 0.1635985 0.7193984 0.6945976 0.03379593
3573	/frame 25023 /track 1 0.4301061 3.01941 0.06315801 0.1635985 0.7193984 0.6945976 0.03379593
3574	/frame 25024 /track 1 0.4299084 3.019592 0.06312899 0.1635479 0.525608 0.8507269 0.03199957
3574	/frame 25024 /track 1 0.4299084 3.019592 0.06312899 0.1635479 0.525608 0.8507269 0.03199957
3575	/frame 25025 /track 1 0.4297297 3.019745 0.06310274 0.1635055 0.3132142 0.9496825 0.03018367
3575	/frame 25025 /track 1 0.4297297 3.019745 0.06310274 0.1635055 0.3132142 0.9496825 0.03018367
3576	/frame 25026 /track 1 0.4295707 3.019871 0.0630794 0.1634707 0.1042113 0.9945551 0.02843171
3576	/frame 25026 /track 1 0.4295707 3.019871 0.0630794 0.1634707 0.1042113 0.9945551 0.02843171
3577	/frame 25027 /track 1 0.4289832 3.020196 0.06299312 0.1633805 -0.1032105 0.9946595 0.02953934
3577	/frame 25027 /track 1 0.4289832 3.020196 0.06299312 0.1633805 -0.1032105 0.9946595 0.02953934
3578	/frame 25028 /track 1 0.4284721 3.020471 0.06291807 0.1633044 -0.2799161 0.9600245 0.02999905
3578	/frame 25028 /track 1 0.4284721 3.020471 0.06291807 0.1633044 -0.2799161 0.9600245 0.02999905
3579	/frame 25029 /track 1 0.4280346 3.020699 0.06285384 0.1632413 -0.4234799 0.9059055 0.03008165
3579	/frame 25029 /track 1 0.4280346 3.020699 0.06285384 0.1632413 -0.4234799 0.9059055 0.03008165
3580	/frame 25030 /track 1 0.4283388 3.020324 0.06289849 0.1633452 -0.3494725 0.9369466 0.0299139
3580	/frame 25030 /track 1 0.4283388 3.020324 0.06289849 0.1633452 -0.3494725 0.9369466 0.0299139
3581	/frame 25031 /track 1 0.4290693 3.019197 0.06300578 0.1636572 -0.2810745 0.959686 0.03482056
3581	/frame 25031 /track 1 0.4290693 3.019197 0.06300578 0.1636572 -0.2810745 0.959686 0.03482056
3582	/frame 25032 /track 1 0.4297177 3.018207 0.06310099 0.1639317 -0.1878957 0.9821891 0.03873965
3582	/frame 25032 /track 1 0.4297177 3.018207 0.06310099 0.1639317 -0.1878957 0.9821891 0.03873965
3583	/frame 25033 /track 1 0.4298361 3.018133 0.06311838 0.1639521 0.03022865 0.999543 0.03568585
3583	/frame 25033 /track 1 0.4298361 3.018133 0.06311838 0.1639521 0.03022865 0.999543 0.03568585
3584	/frame 25034 /track 1 0.4299325 3.018086 0.06313253 0.1639651 0.2769962 0.960871 0.0327481
3584	/frame 25034 /track 1 0.4299325 3.018086 0.06313253 0.1639651 0.2769962 0.960871 0.0327481
3585	/frame 25035 /track 1 0.4300092 3.018061 0.06314379 0.163972 0.5045996 0.8633534 0.02997698
3585	/frame 25035 /track 1 0.4300092 3.018061 0.06314379 0.163972 0.5045996 0.8633534 0.02997698
3586	/frame 25036 /track 1 0.4302926 3.018054 0.0631854 0.1639739 0.6614845 0.7499588 0.02864661
3586	/frame 25036 /track 1 0.4302926 3.018054 0.0631854 0.1639739 0.6614845 0.7499588 0.02864661
3587	/frame 25037 /track 1 0.4305321 3.018061 0.06322058 0.163972 0.7696995 0.6384063 0.02719166
3587	/frame 25037 /track 1 0.4305321 3.018061 0.06322058 0.163972 0.7696995 0.6384063 0.02719166
3588	/frame 25038 /track 1 0.430731 3.018079 0.06324978 0.1639671 0.8394005 0.5435135 0.0257205
3588	/frame 25038 /track 1 0.430731 3.018079 0.06324978 0.1639671 0.8394005 0.5435135 0.0257205
3589	/frame 25039 /track 1 0.4303325 3.018104 0.06319126 0.1639601 0.7246855 0.6890798 0.02549755
3589	/frame 25039 /track 1 0.4303325 3.018104 0.06319126 0.1639601 0.7246855 0.6890798 0.02549755
3590	/frame 25040 /track 1 0.4298601 3.018807 0.0631219 0.1637653 0.5455043 0.8381079 0.02793144
3590	/frame 25040 /track 1 0.4298601 3.018807 0.0631219 0.1637653 0.5455043 0.8381079 0.02793144
3591	/frame 25041 /track 1 0.4294419 3.019428 0.06306048 0.1635934 0.3607823 0.9326501 0.0298158
3591	/frame 25041 /track 1 0.4294419 3.019428 0.06306048 0.1635934 0.3607823 0.9326501 0.0298158
3592	/frame 25042 /track 1 0.4290772 3.019967 0.06300693 0.1634441 0.1891754 0.9819434 0.03066268
3592	/frame 25042 /track 1 0.4290772 3.019967 0.06300693 0.1634441 0.1891754 0.9819434 0.03066268
3593	/frame 25043 /track 1 0.4296608 3.019868 0.06309263 0.1634715 0.4217855 0.9066957 0.03107886
3593	/frame 25043 /track 1 0.4296608 3.019868 0.06309263 0.1634715 0.4217855 0.9066957 0.03107886
3594	/frame 25044 /track 1 0.4301788 3.019767 0.06316869 0.1634996 0.6145285 0.7888945 0.03126961
3594	/frame 25044 /track 1 0.4301788 3.019767 0.06316869 0.1634996 0.6145285 0.7888945 0.03126961
3595	/frame 25045 /track 1 0.4306314 3.019667 0.06323515 0.1635273 0.7604021 0.6494526 0.03086895
3595	/frame 25045 /track 1 0.4306314 3.019667 0.06323515 0.1635273 0.7604021 0.6494526 0.03086895
3596	/frame 25046 /track 1 0.4291154 3.019122 0.06301254 0.1636781 0.6801114 0.7331088 0.03725683
3596	/frame 25046 /track 1 0.4291154 3.019122 0.06301254 0.1636781 0.6801114 0.7331088 0.03725683
3597	/frame 25047 /track 1 0.4277829 3.018641 0.06281687 0.1638114 0.5650214 0.8250762 0.04238633
3597	/frame 25047 /track 1 0.4277829 3.018641 0.06281687 0.1638114 0.5650214 0.8250762 0.04238633
3598	/frame 25048 /track 1 0.4266297 3.018222 0.06264753 0.1639275 0.4062223 0.9137743 0.0453654
3598	/frame 25048 /track 1 0.4266297 3.018222 0.06264753 0.1639275 0.4062223 0.9137743 0.0453654
3599	/frame 25049 /track 1 0.4268806 3.016966 0.06268437 0.1642754 0.5639054 0.8258394 0.04836301
3599	/frame 25049 /track 1 0.4268806 3.016966 0.06268437 0.1642754 0.5639054 0.8258394 0.04836301
3600	/frame 25050 /track 1 0.4271343 3.015881 0.06272162 0.1645759 0.7304075 0.6830117 0.05048969
3600	/frame 25050 /track 1 0.4271343 3.015881 0.06272162 0.1645759 0.7304075 0.6830117 0.05048969
3601	/frame 25051 /track 1 0.428728 3.014959 0.06295565 0.1648313 0.8622127 0.5065465 0.05627101
3601	/frame 25051 /track 1 0.428728 3.014959 0.06295565 0.1648313 0.8622127 0.5065465 0.05627101
3602	/frame 25052 /track 1 0.4301391 3.014189 0.06316287 0.1650446 0.9419442 0.3357694 0.06009982
3602	/frame 25052 /track 1 0.4301391 3.014189 0.06316287 0.1650446 0.9419442 0.3357694 0.06009982
3603	/frame 25053 /track 1 0.4312573 3.013559 0.06332707 0.1652192 0.9837022 0.1798059 0.06211254
3603	/frame 25053 /track 1 0.4312573 3.013559 0.06332707 0.1652192 0.9837022 0.1798059 0.06211254
3604	/frame 25054 /track 1 0.4322152 3.013054 0.06346772 0.165359 0.9986589 0.05177168 0.06227022
3604	/frame 25054 /track 1 0.4322152 3.013054 0.06346772 0.165359 0.9986589 0.05177168 0.06227022
3605	/frame 25055 /track 1 0.433022 3.012661 0.0635862 0.1654678 0.9988663 -0.04760374 0.061322
3605	/frame 25055 /track 1 0.433022 3.012661 0.0635862 0.1654678 0.9988663 -0.04760374 0.061322
3606	/frame 25056 /track 1 0.4323443 3.014271 0.06348667 0.1650219 0.9797355 0.2002955 0.06610636
3606	/frame 25056 /track 1 0.4323443 3.014271 0.06348667 0.1650219 0.9797355 0.2002955 0.06610636
3607	/frame 25057 /track 1 0.4317113 3.015721 0.06339373 0.1646202 0.8979524 0.4400927 0.06880388
3607	/frame 25057 /track 1 0.4317113 3.015721 0.06339373 0.1646202 0.8979524 0.4400927 0.06880388
3608	/frame 25058 /track 1 0.4312429 3.016447 0.06332496 0.1644191 0.7598909 0.6500506 0.06700453
3608	/frame 25058 /track 1 0.4312429 3.016447 0.06332496 0.1644191 0.7598909 0.6500506 0.06700453
3609	/frame 25059 /track 1 0.4308171 3.017081 0.06326242 0.1642434 0.5850767 0.8109779 0.06507856
3609	/frame 25059 /track 1 0.4308171 3.017081 0.06326242 0.1642434 0.5850767 0.8109779 0.06507856
3610	/frame 25060 /track 1 0.430436 3.017627 0.06320646 0.1640923 0.397779 0.9174813 0.06248489
3610	/frame 25060 /track 1 0.430436 3.017627 0.06320646 0.1640923 0.397779 0.9174813 0.06248489
3611	/frame 25061 /track 1 0.4297642 3.018873 0.06310781 0.1637472 0.2374413 0.9714018 0.06456324
3611	/frame 25061 /track 1 0.4297642 3.018873 0.06310781 0.1637472 0.2374413 0.9714018 0.06456324
3612	/frame 25062 /track 1 0.4291798 3.01994 0.063022 0.1634514 0.09739996 0.9952453 0.0657137
3612	/frame 25062 /track 1 0.4291798 3.01994 0.063022 0.1634514 0.09739996 0.9952453 0.0657137
3613	/frame 25063 /track 1 0.429128 3.020168 0.06301439 0.1633885 0.03337551 0.9994429 0.06051324
3613	/frame 25063 /track 1 0.429128 3.020168 0.06301439 0.1633885 0.03337551 0.9994429 0.06051324
3614	/frame 25064 /track 1 0.4290981 3.020325 0.06301001 0.1633448 -0.01074093 0.9999423 0.05540682
3614	/frame 25064 /track 1 0.4290981 3.020325 0.06301001 0.1633448 -0.01074093 0.9999423 0.05540682
3615	/frame 25065 /track 1 0.4290861 3.020425 0.06300825 0.1633172 -0.03266051 0.9994665 0.05049201
3615	/frame 25065 /track 1 0.4290861 3.020425 0.06300825 0.1633172 -0.03266051 0.9994665 0.05049201
3616	/frame 25066 /track 1 0.4289763 3.020364 0.06299212 0.1633341 -0.276752 0.9609414 0.04618135
3616	/frame 25066 /track 1 0.4289763 3.020364 0.06299212 0.1633341 -0.276752 0.9609414 0.04618135
3617	/frame 25067 /track 1 0.4294521 3.019719 0.06306198 0.1635129 -0.1657489 0.986168 0.04627982
3617	/frame 25067 /track 1 0.4294521 3.019719 0.06306198 0.1635129 -0.1657489 0.986168 0.04627982
3618	/frame 25068 /track 1 0.4298783 3.019128 0.06312457 0.1636765 -0.02368576 0.9997194 0.04620368
3618	/frame 25068 /track 1 0.4298783 3.019128 0.06312457 0.1636765 -0.02368576 0.9997194 0.04620368
3619	/frame 25069 /track 1 0.4303662 3.018709 0.06319621 0.1637926 0.1960527 0.9805933 0.04536794
3619	/frame 25069 /track 1 0.4303662 3.018709 0.06319621 0.1637926 0.1960527 0.9805933 0.04536794
3620	/frame 25070 /track 1 0.4307903 3.018336 0.06325848 0.1638959 0.4273289 0.9040962 0.04415283
3620	/frame 25070 /track 1 0.4307903 3.018336 0.06325848 0.1638959 0.4273289 0.9040962 0.04415283
3621	/frame 25071 /track 1 0.431153 3.018009 0.06331174 0.1639863 0.6408873 0.7676349 0.04278714
3621	/frame 25071 /track 1 0.431153 3.018009 0.06331174 0.1639863 0.6408873 0.7676349 0.04278714
3622	/frame 25072 /track 1 0.4298889 3.018961 0.06312613 0.1637228 0.4317872 0.9019756 0.04781518
3622	/frame 25072 /track 1 0.4298889 3.018961 0.06312613 0.1637228 0.4317872 0.9019756 0.04781518
3623	/frame 25073 /track 1 0.4287721 3.019798 0.06296212 0.163491 0.2138397 0.9768687 0.05124311
3623	/frame 25073 /track 1 0.4287721 3.019798 0.06296212 0.163491 0.2138397 0.9768687 0.05124311
3624	/frame 25074 /track 1 0.4278005 3.020522 0.06281945 0.1632902 0.01080162 0.9999416 0.05369383
3624	/frame 25074 /track 1 0.4278005 3.020522 0.06281945 0.1632902 0.01080162 0.9999416 0.05369383
3625	/frame 25075 /track 1 0.4274169 3.021027 0.06276313 0.1631504 -0.1169651 0.993136 0.05205458
3625	/frame 25075 /track 1 0.4274169 3.021027 0.06276313 0.1631504 -0.1169651 0.993136 0.05205458
3626	/frame 25076 /track 1 0.4271077 3.021446 0.06271773 0.1630343 -0.2174639 0.9760684 0.0499118
3626	/frame 25076 /track 1 0.4271077 3.021446 0.06271773 0.1630343 -0.2174639 0.9760684 0.0499118
3627	/frame 25077 /track 1 0.4268648 3.021786 0.06268206 0.1629401 -0.2943116 0.9557095 0.04753329
3627	/frame 25077 /track 1 0.4268648 3.021786 0.06268206 0.1629401 -0.2943116 0.9557095 0.04753329
3628	/frame 25078 /track 1 0.4282492 3.0206 0.06288534 0.1632688 -0.1293723 0.9915961 0.05350623
3628	/frame 25078 /track 1 0.4282492 3.0206 0.06288534 0.1632688 -0.1293723 0.9915961 0.05350623
3629	/frame 25079 /track 1 0.4289231 3.020097 0.0629843 0.163408 0.08565114 0.9963253 0.05309986
3629	/frame 25079 /track 1 0.4289231 3.020097 0.0629843 0.163408 0.08565114 0.9963253 0.05309986
3630	/frame 25080 /track 1 0.4295177 3.019649 0.06307162 0.1635322 0.3211689 0.9470218 0.05244382
3630	/frame 25080 /track 1 0.4295177 3.019649 0.06307162 0.1635322 0.3211689 0.9470218 0.05244382
3631	/frame 25081 /track 1 0.4300342 3.018807 0.06314746 0.1637654 0.5256817 0.8506814 0.05301057
3631	/frame 25081 /track 1 0.4300342 3.018807 0.06314746 0.1637654 0.5256817 0.8506814 0.05301057
3632	/frame 25082 /track 1 0.4304758 3.018075 0.06321231 0.163968 0.7181778 0.6958597 0.05273553
3632	/frame 25082 /track 1 0.4304758 3.018075 0.06321231 0.163968 0.7181778 0.6958597 0.05273553
3633	/frame 25083 /track 1 0.430847 3.01745 0.06326681 0.1641413 0.8701088 0.4928596 0.0520071
3633	/frame 25083 /track 1 0.430847 3.01745 0.06326681 0.1641413 0.8701088 0.4928596 0.0520071
3634	/frame 25084 /track 1 0.4303686 3.018382 0.06319656 0.1638832 0.7253765 0.6883523 0.05296617
3634	/frame 25084 /track 1 0.4303686 3.018382 0.06319656 0.1638832 0.7253765 0.6883523 0.05296617
3635	/frame 25085 /track 1 0.4299315 3.019219 0.06313238 0.1636513 0.5555763 0.8314656 0.05322574
3635	/frame 25085 /track 1 0.4299315 3.019219 0.06313238 0.1636513 0.5555763 0.8314656 0.05322574
3636	/frame 25086 /track 1 0.4295385 3.01996 0.06307467 0.163446 0.3836242 0.9234893 0.05314533
3636	/frame 25086 /track 1 0.4295385 3.01996 0.06307467 0.163446 0.3836242 0.9234893 0.05314533
3637	/frame 25087 /track 1 0.4304236 3.018924 0.06320464 0.1637329 0.5985152 0.8011115 0.05584356
3637	/frame 25087 /track 1 0.4304236 3.018924 0.06320464 0.1637329 0.5985152 0.8011115 0.05584356
3638	/frame 25088 /track 1 0.431196 3.018012 0.06331806 0.1639857 0.7807375 0.6248592 0.05729235
3638	/frame 25088 /track 1 0.431196 3.018012 0.06331806 0.1639857 0.7807375 0.6248592 0.05729235
3639	/frame 25089 /track 1 0.4318594 3.01722 0.06341548 0.1642051 0.9090155 0.4167623 0.05802044
3639	/frame 25089 /track 1 0.4318594 3.01722 0.06341548 0.1642051 0.9090155 0.4167623 0.05802044
3640	/frame 25090 /track 1 0.4329802 3.015535 0.06358006 0.1646718 0.9810036 0.19399 0.06412213
3640	/frame 25090 /track 1 0.4329802 3.015535 0.06358006 0.1646718 0.9810036 0.19399 0.06412213
3641	/frame 25091 /track 1 0.4339339 3.014087 0.0637201 0.1650728 0.9998969 -0.01436067 0.06790622
3641	/frame 25091 /track 1 0.4339339 3.014087 0.0637201 0.1650728 0.9998969 -0.01436067 0.06790622
3642	/frame 25092 /track 1 0.4338348 3.014209 0.06370555 0.165039 0.9776751 0.2101226 0.06209723
3642	/frame 25092 /track 1 0.4338348 3.014209 0.06370555 0.165039 0.9776751 0.2101226 0.06209723
3643	/frame 25093 /track 1 0.4337068 3.014368 0.06368675 0.1649952 0.8961744 0.4437019 0.05708505
3643	/frame 25093 /track 1 0.4337068 3.014368 0.06368675 0.1649952 0.8961744 0.4437019 0.05708505
3644	/frame 25094 /track 1 0.4327754 3.013765 0.06354999 0.165162 0.9124766 0.4091289 0.0579007
3644	/frame 25094 /track 1 0.4327754 3.013765 0.06354999 0.165162 0.9124766 0.4091289 0.0579007
3645	/frame 25095 /track 1 0.4319337 3.013277 0.06342639 0.1652973 0.9262143 0.3769975 0.05819298
3645	/frame 25095 /track 1 0.4319337 3.013277 0.06342639 0.1652973 0.9262143 0.3769975 0.05819298
3646	/frame 25096 /track 1 0.431185 3.01289 0.06331645 0.1654044 0.9371875 0.3488262 0.05733056
3646	/frame 25096 /track 1 0.431185 3.01289 0.06331645 0.1654044 0.9371875 0.3488262 0.05733056
3647	/frame 25097 /track 1 0.4317622 3.012929 0.0634012 0.1653936 0.9557253 0.2942602 0.05500029
3647	/frame 25097 /track 1 0.4317622 3.012929 0.0634012 0.1653936 0.9557253 0.2942602 0.05500029
3648	/frame 25098 /track 1 0.4322723 3.013004 0.06347611 0.165373 0.9643529 0.2646196 0.05272227
3648	/frame 25098 /track 1 0.4322723 3.013004 0.06347611 0.165373 0.9643529 0.2646196 0.05272227
3649	/frame 25099 /track 1 0.4324921 3.012879 0.06350838 0.1654076 0.9930418 0.1177621 0.04893705
3649	/frame 25099 /track 1 0.4324921 3.012879 0.06350838 0.1654076 0.9930418 0.1177621 0.04893705
3650	/frame 25100 /track 1 0.4326767 3.012799 0.0635355 0.1654296 0.9998872 0.01502584 0.04522569
3650	/frame 25100 /track 1 0.4326767 3.012799 0.0635355 0.1654296 0.9998872 0.01502584 0.04522569
3651	/frame 25101 /track 1 0.432829 3.012757 0.06355786 0.1654413 0.9991196 -0.04195273 0.04169062
3651	/frame 25101 /track 1 0.432829 3.012757 0.06355786 0.1654413 0.9991196 -0.04195273 0.04169062
3652	/frame 25102 /track 1 0.4329519 3.012969 0.0635759 0.1653826 0.9880311 0.1542552 0.03896271
3652	/frame 25102 /track 1 0.4329519 3.012969 0.0635759 0.1653826 0.9880311 0.1542552 0.03896271
3653	/frame 25103 /track 1 0.4332727 3.013288 0.06362301 0.1652941 0.9618598 0.273543 0.03772876
3653	/frame 25103 /track 1 0.4332727 3.013288 0.06362301 0.1652941 0.9618598 0.273543 0.03772876
