3771	/frame 48576 /track 1 0.4320505 3.015609 0.06344354 0.1646514 0.4135151 0.9104973 0.03501227
3771	/frame 48576 /track 1 0.4320505 3.015609 0.06344354 0.1646514 0.4135151 0.9104973 0.03501227
3772	/frame 48577 /track 1 0.4323272 3.015968 0.06348416 0.1645519 0.454943 0.8905205 0.03417839
3772	/frame 48577 /track 1 0.4323272 3.015968 0.06348416 0.1645519 0.454943 0.8905205 0.03417839
3773	/frame 48578 /track 1 0.4325605 3.016289 0.06351843 0.1644628 0.4824819 0.8759059 0.03296822
3773	/frame 48578 /track 1 0.4325605 3.016289 0.06351843 0.1644628 0.4824819 0.8759059 0.03296822
3774	/frame 48579 /track 1 0.4327538 3.016573 0.06354682 0.1643843 0.4991696 0.8665042 0.03195748
3774	/frame 48579 /track 1 0.4327538 3.016573 0.06354682 0.1643843 0.4991696 0.8665042 0.03195748
3775	/frame 48580 /track 1 0.4320141 3.017491 0.06343819 0.16413 0.3058928 0.9520659 0.03531209
3775	/frame 48580 /track 1 0.4320141 3.017491 0.06343819 0.16413 0.3058928 0.9520659 0.03531209
3776	/frame 48581 /track 1 0.4313562 3.018287 0.06334159 0.1639095 0.1260727 0.992021 0.03972505
3776	/frame 48581 /track 1 0.4313562 3.018287 0.06334159 0.1639095 0.1260727 0.992021 0.03972505
3777	/frame 48582 /track 1 0.4307801 3.017845 0.06325699 0.1640318 -0.08737613 0.9961753 0.04002216
3777	/frame 48582 /track 1 0.4307801 3.017845 0.06325699 0.1640318 -0.08737613 0.9961753 0.04002216
3778	/frame 48583 /track 1 0.4302836 3.017437 0.06318409 0.1641448 -0.3192075 0.9476848 0.03958992
3778	/frame 48583 /track 1 0.4302836 3.017437 0.06318409 0.1641448 -0.3192075 0.9476848 0.03958992
3779	/frame 48584 /track 1 0.4298626 3.017067 0.06312227 0.1642474 -0.5450541 0.8384009 0.03936962
3779	/frame 48584 /track 1 0.4298626 3.017067 0.06312227 0.1642474 -0.5450541 0.8384009 0.03936962
3780	/frame 48585 /track 1 0.429512 3.016736 0.06307078 0.1643391 -0.7379674 0.6748364 0.0382698
3780	/frame 48585 /track 1 0.429512 3.016736 0.06307078 0.1643391 -0.7379674 0.6748364 0.0382698
3781	/frame 48586 /track 1 0.4292257 3.016893 0.06302874 0.1642956 -0.7693627 0.6388121 0.036484
3781	/frame 48586 /track 1 0.4292257 3.016893 0.06302874 0.1642956 -0.7693627 0.6388121 0.036484
3782	/frame 48587 /track 1 0.4289973 3.017032 0.0629952 0.1642572 -0.787871 0.6158403 0.03440766
3782	/frame 48587 /track 1 0.4289973 3.017032 0.0629952 0.1642572 -0.787871 0.6158403 0.03440766
3783	/frame 48588 /track 1 0.4293805 3.017264 0.06305146 0.1641927 -0.6088309 0.7933001 0.0330047
3783	/frame 48588 /track 1 0.4293805 3.017264 0.06305146 0.1641927 -0.6088309 0.7933001 0.0330047
3784	/frame 48589 /track 1 0.4297368 3.017466 0.0631038 0.164137 -0.3911875 0.920311 0.03342456
3784	/frame 48589 /track 1 0.4297368 3.017466 0.0631038 0.164137 -0.3911875 0.920311 0.03342456
3785	/frame 48590 /track 1 0.4297262 3.017637 0.06310223 0.1640896 -0.3280706 0.9446533 0.03093849
3785	/frame 48590 /track 1 0.4297262 3.017637 0.06310223 0.1640896 -0.3280706 0.9446533 0.03093849
3786	/frame 48591 /track 1 0.4297256 3.017779 0.06310214 0.1640501 -0.2653167 0.9641614 0.02873723
3786	/frame 48591 /track 1 0.4297256 3.017779 0.06310214 0.1640501 -0.2653167 0.9641614 0.02873723
3787	/frame 48592 /track 1 0.4305172 3.016887 0.06321839 0.1642971 -0.1256959 0.9920688 0.03287873
3787	/frame 48592 /track 1 0.4305172 3.016887 0.06321839 0.1642971 -0.1256959 0.9920688 0.03287873
3788	/frame 48593 /track 1 0.4312145 3.016101 0.06332079 0.164515 0.05120736 0.998688 0.03709774
3788	/frame 48593 /track 1 0.4312145 3.016101 0.06332079 0.164515 0.05120736 0.998688 0.03709774
3789	/frame 48594 /track 1 0.4318192 3.015419 0.06340957 0.164704 0.259819 0.9656574 0.03875098
3789	/frame 48594 /track 1 0.4318192 3.015419 0.06340957 0.164704 0.259819 0.9656574 0.03875098
3790	/frame 48595 /track 1 0.4316627 3.016069 0.0633866 0.1645239 0.1637917 0.986495 0.03905398
3790	/frame 48595 /track 1 0.4316627 3.016069 0.0633866 0.1645239 0.1637917 0.986495 0.03905398
3791	/frame 48596 /track 1 0.4315089 3.016654 0.06336401 0.1643617 0.08096924 0.9967167 0.03871123
3791	/frame 48596 /track 1 0.4315089 3.016654 0.06336401 0.1643617 0.08096924 0.9967167 0.03871123
3792	/frame 48597 /track 1 0.4311374 3.017398 0.06330945 0.1641556 -0.02573065 0.9996689 0.03879967
3792	/frame 48597 /track 1 0.4311374 3.017398 0.06330945 0.1641556 -0.02573065 0.9996689 0.03879967
3793	/frame 48598 /track 1 0.4308034 3.018048 0.06326042 0.1639756 -0.1142714 0.9934496 0.03978952
3793	/frame 48598 /track 1 0.4308034 3.018048 0.06326042 0.1639756 -0.1142714 0.9934496 0.03978952
3794	/frame 48599 /track 1 0.4308443 3.017822 0.06326642 0.1640383 -0.09280105 0.9956847 0.03716165
3794	/frame 48599 /track 1 0.4308443 3.017822 0.06326642 0.1640383 -0.09280105 0.9956847 0.03716165
3795	/frame 48600 /track 1 0.4308804 3.01761 0.06327172 0.164097 -0.06759301 0.997713 0.0347907
3795	/frame 48600 /track 1 0.4308804 3.01761 0.06327172 0.164097 -0.06759301 0.997713 0.0347907
3796	/frame 48601 /track 1 0.4309117 3.017414 0.06327631 0.1641512 -0.03711981 0.9993109 0.03235369
3796	/frame 48601 /track 1 0.4309117 3.017414 0.06327631 0.1641512 -0.03711981 0.9993109 0.03235369
3797	/frame 48602 /track 1 0.4308263 3.017685 0.06326378 0.1640761 -0.09052527 0.9958942 0.03101294
3797	/frame 48602 /track 1 0.4308263 3.017685 0.06326378 0.1640761 -0.09052527 0.9958942 0.03101294
3798	/frame 48603 /track 1 0.430751 3.017918 0.06325272 0.1640116 -0.1346959 0.9908869 0.02944169
3798	/frame 48603 /track 1 0.430751 3.017918 0.06325272 0.1640116 -0.1346959 0.9908869 0.02944169
3799	/frame 48604 /track 1 0.4301253 3.018788 0.06316083 0.1637707 -0.229385 0.9733358 0.03279913
3799	/frame 48604 /track 1 0.4301253 3.018788 0.06316083 0.1637707 -0.229385 0.9733358 0.03279913
3800	/frame 48605 /track 1 0.4295805 3.019538 0.06308084 0.1635629 -0.3051936 0.9522903 0.03531416
3800	/frame 48605 /track 1 0.4295805 3.019538 0.06308084 0.1635629 -0.3051936 0.9522903 0.03531416
3801	/frame 48606 /track 1 0.4291139 3.020175 0.06301232 0.1633865 -0.3657234 0.9307236 0.03704472
3801	/frame 48606 /track 1 0.4291139 3.020175 0.06301232 0.1633865 -0.3657234 0.9307236 0.03704472
3802	/frame 48607 /track 1 0.4297295 3.019585 0.06310271 0.1635499 -0.2363818 0.9716603 0.03866882
3802	/frame 48607 /track 1 0.4297295 3.019585 0.06310271 0.1635499 -0.2363818 0.9716603 0.03866882
3803	/frame 48608 /track 1 0.4302843 3.019041 0.06318418 0.1637005 -0.07108473 0.9974703 0.03888984
3803	/frame 48608 /track 1 0.4302843 3.019041 0.06318418 0.1637005 -0.07108473 0.9974703 0.03888984
3804	/frame 48609 /track 1 0.4307764 3.018549 0.06325644 0.163837 0.1291313 0.9916276 0.03964277
3804	/frame 48609 /track 1 0.4307764 3.018549 0.06325644 0.163837 0.1291313 0.9916276 0.03964277
3805	/frame 48610 /track 1 0.4305338 3.01867 0.06322082 0.1638034 -0.08657704 0.9962451 0.03710557
3805	/frame 48610 /track 1 0.4305338 3.01867 0.06322082 0.1638034 -0.08657704 0.9962451 0.03710557
3806	/frame 48611 /track 1 0.4307651 3.018773 0.06325478 0.1637748 0.1291785 0.9916214 0.03488479
3806	/frame 48611 /track 1 0.4307651 3.018773 0.06325478 0.1637748 0.1291785 0.9916214 0.03488479
3807	/frame 48612 /track 1 0.430965 3.018859 0.06328414 0.1637509 0.3133764 0.9496289 0.03275724
3807	/frame 48612 /track 1 0.430965 3.018859 0.06328414 0.1637509 0.3133764 0.9496289 0.03275724
3808	/frame 48613 /track 1 0.431135 3.01893 0.0633091 0.1637312 0.4621829 0.8867845 0.03056546
3808	/frame 48613 /track 1 0.431135 3.01893 0.0633091 0.1637312 0.4621829 0.8867845 0.03056546
3809	/frame 48614 /track 1 0.4312771 3.018987 0.06332996 0.1637154 0.5786783 0.815556 0.02860226
3809	/frame 48614 /track 1 0.4312771 3.018987 0.06332996 0.1637154 0.5786783 0.815556 0.02860226
3810	/frame 48615 /track 1 0.4316176 3.018023 0.06337998 0.1639825 0.7533106 0.6576649 0.03175703
3810	/frame 48615 /track 1 0.4316176 3.018023 0.06337998 0.1639825 0.7533106 0.6576649 0.03175703
3811	/frame 48616 /track 1 0.4319065 3.017177 0.06342239 0.1642169 0.8934399 0.4491826 0.03416933
3811	/frame 48616 /track 1 0.4319065 3.017177 0.06342239 0.1642169 0.8934399 0.4491826 0.03416933
3812	/frame 48617 /track 1 0.4312505 3.017455 0.06332606 0.16414 0.7706314 0.6372811 0.03494275
3812	/frame 48617 /track 1 0.4312505 3.017455 0.06332606 0.16414 0.7706314 0.6372811 0.03494275
3813	/frame 48618 /track 1 0.4316736 3.016368 0.06338819 0.1644409 0.9059271 0.4234338 0.03727823
3813	/frame 48618 /track 1 0.4316736 3.016368 0.06338819 0.1644409 0.9059271 0.4234338 0.03727823
3814	/frame 48619 /track 1 0.4320388 3.015432 0.06344182 0.1647004 0.9825029 0.1862471 0.03913612
3814	/frame 48619 /track 1 0.4320388 3.015432 0.06344182 0.1647004 0.9825029 0.1862471 0.03913612
3815	/frame 48620 /track 1 0.4323489 3.014637 0.06348737 0.1649205 0.9989985 -0.04474553 0.04131551
3815	/frame 48620 /track 1 0.4323489 3.014637 0.06348737 0.1649205 0.9989985 -0.04474553 0.04131551
3816	/frame 48621 /track 1 0.4327198 3.014423 0.06354181 0.1649797 0.9903483 -0.1386004 0.03956152
3816	/frame 48621 /track 1 0.4327198 3.014423 0.06354181 0.1649797 0.9903483 -0.1386004 0.03956152
3817	/frame 48622 /track 1 0.4330292 3.014273 0.06358726 0.1650213 0.9798039 -0.1999607 0.0377545
3817	/frame 48622 /track 1 0.4330292 3.014273 0.06358726 0.1650213 0.9798039 -0.1999607 0.0377545
3818	/frame 48623 /track 1 0.4332824 3.014178 0.06362443 0.1650478 0.9728558 -0.231412 0.03591266
3818	/frame 48623 /track 1 0.4332824 3.014178 0.06362443 0.1650478 0.9728558 -0.231412 0.03591266
3819	/frame 48624 /track 1 0.4330366 3.014798 0.06358834 0.1648758 0.999996 0.002829197 0.03550103
3819	/frame 48624 /track 1 0.4330366 3.014798 0.06358834 0.1648758 0.999996 0.002829197 0.03550103
3820	/frame 48625 /track 1 0.4328031 3.015369 0.06355406 0.1647176 0.9677091 0.2520697 0.03709184
3820	/frame 48625 /track 1 0.4328031 3.015369 0.06355406 0.1647176 0.9677091 0.2520697 0.03709184
3821	/frame 48626 /track 1 0.4316891 3.014317 0.06339046 0.1650093 0.9949375 0.100496 0.04104685
3821	/frame 48626 /track 1 0.4316891 3.014317 0.06339046 0.1650093 0.9949375 0.100496 0.04104685
3822	/frame 48627 /track 1 0.4307081 3.013407 0.06324641 0.1652611 0.9962381 -0.08665887 0.04530132
3822	/frame 48627 /track 1 0.4307081 3.013407 0.06324641 0.1652611 0.9962381 -0.08665887 0.04530132
3823	/frame 48628 /track 1 0.4298576 3.012635 0.06312153 0.1654751 0.953582 -0.3011334 0.04897776
3823	/frame 48628 /track 1 0.4298576 3.012635 0.06312153 0.1654751 0.953582 -0.3011334 0.04897776
3824	/frame 48629 /track 1 0.4295803 3.012214 0.06308081 0.1655917 0.8471957 -0.5312809 0.04659964
3824	/frame 48629 /track 1 0.4295803 3.012214 0.06308081 0.1655917 0.8471957 -0.5312809 0.04659964
3825	/frame 48630 /track 1 0.4301475 3.012778 0.0631641 0.1654354 0.945304 -0.3261907 0.04693937
3825	/frame 48630 /track 1 0.4301475 3.012778 0.0631641 0.1654354 0.945304 -0.3261907 0.04693937
3826	/frame 48631 /track 1 0.430667 3.013306 0.06324039 0.1652893 0.9915268 -0.1299026 0.0475332
3826	/frame 48631 /track 1 0.430667 3.013306 0.06324039 0.1652893 0.9915268 -0.1299026 0.0475332
3827	/frame 48632 /track 1 0.4311351 3.01379 0.06330911 0.1651552 0.9990461 0.04366939 0.04598672
3827	/frame 48632 /track 1 0.4311351 3.01379 0.06330911 0.1651552 0.9990461 0.04366939 0.04598672
3828	/frame 48633 /track 1 0.431326 3.014451 0.06333715 0.164972 0.9661578 0.2579518 0.04597728
3828	/frame 48633 /track 1 0.431326 3.014451 0.06333715 0.164972 0.9661578 0.2579518 0.04597728
3829	/frame 48634 /track 1 0.4314929 3.015035 0.06336167 0.1648102 0.9005367 0.43478 0.04475459
3829	/frame 48634 /track 1 0.4314929 3.015035 0.06336167 0.1648102 0.9005367 0.43478 0.04475459
3830	/frame 48635 /track 1 0.4316365 3.015543 0.06338275 0.1646694 0.8197948 0.5726573 0.04434051
3830	/frame 48635 /track 1 0.4316365 3.015543 0.06338275 0.1646694 0.8197948 0.5726573 0.04434051
3831	/frame 48636 /track 1 0.4309736 3.016875 0.0632854 0.1643007 0.6635578 0.748125 0.04865504
3831	/frame 48636 /track 1 0.4309736 3.016875 0.0632854 0.1643007 0.6635578 0.748125 0.04865504
3832	/frame 48637 /track 1 0.4303903 3.018023 0.06319976 0.1639827 0.4920412 0.8705719 0.05183608
3832	/frame 48637 /track 1 0.4303903 3.018023 0.06319976 0.1639827 0.4920412 0.8705719 0.05183608
3833	/frame 48638 /track 1 0.4303335 3.017651 0.06319141 0.1640856 0.5895987 0.8076963 0.04863027
3833	/frame 48638 /track 1 0.4303335 3.017651 0.06319141 0.1640856 0.5895987 0.8076963 0.04863027
3834	/frame 48639 /track 1 0.4302939 3.017289 0.0631856 0.1641859 0.7100644 0.7041367 0.04619597
3834	/frame 48639 /track 1 0.4302939 3.017289 0.0631856 0.1641859 0.7100644 0.7041367 0.04619597
3835	/frame 48640 /track 1 0.430269 3.016944 0.06318194 0.1642814 0.8365159 0.5479427 0.04373521
3835	/frame 48640 /track 1 0.430269 3.016944 0.06318194 0.1642814 0.8365159 0.5479427 0.04373521
3836	/frame 48641 /track 1 0.4296958 3.017856 0.06309777 0.1640289 0.6783916 0.7347006 0.04569434
3836	/frame 48641 /track 1 0.4296958 3.017856 0.06309777 0.1640289 0.6783916 0.7347006 0.04569434
3837	/frame 48642 /track 1 0.4293159 3.018861 0.06304198 0.1637506 0.5192977 0.8545934 0.04649667
3837	/frame 48642 /track 1 0.4293159 3.018861 0.06304198 0.1637506 0.5192977 0.8545934 0.04649667
3838	/frame 48643 /track 1 0.4289984 3.019714 0.06299536 0.1635142 0.3680267 0.9298152 0.04791666
3838	/frame 48643 /track 1 0.4289984 3.019714 0.06299536 0.1635142 0.3680267 0.9298152 0.04791666
3839	/frame 48644 /track 1 0.4287382 3.020426 0.06295715 0.1633171 0.2347778 0.9720492 0.04711318
3839	/frame 48644 /track 1 0.4287382 3.020426 0.06295715 0.1633171 0.2347778 0.9720492 0.04711318
3840	/frame 48645 /track 1 0.4285296 3.020559 0.06292653 0.16328 0.02078201 0.9997841 0.04405344
3840	/frame 48645 /track 1 0.4285296 3.020559 0.06292653 0.16328 0.02078201 0.9997841 0.04405344
3841	/frame 48646 /track 1 0.428367 3.020633 0.06290265 0.1632595 -0.1852146 0.982698 0.04064092
3841	/frame 48646 /track 1 0.428367 3.020633 0.06290265 0.1632595 -0.1852146 0.982698 0.04064092
3842	/frame 48647 /track 1 0.4279084 3.019315 0.0628353 0.1636248 -0.3382879 0.9410426 0.04588626
3842	/frame 48647 /track 1 0.4279084 3.019315 0.0628353 0.1636248 -0.3382879 0.9410426 0.04588626
3843	/frame 48648 /track 1 0.4275272 3.018129 0.06277932 0.1639531 -0.5094128 0.8605224 0.04959741
3843	/frame 48648 /track 1 0.4275272 3.018129 0.06277932 0.1639531 -0.5094128 0.8605224 0.04959741
3844	/frame 48649 /track 1 0.4272168 3.017081 0.06273374 0.1642436 -0.6840813 0.7294058 0.05039319
3844	/frame 48649 /track 1 0.4272168 3.017081 0.06273374 0.1642436 -0.6840813 0.7294058 0.05039319
3845	/frame 48650 /track 1 0.4269699 3.016168 0.06269749 0.1644965 -0.8388354 0.5443852 0.05211045
3845	/frame 48650 /track 1 0.4269699 3.016168 0.06269749 0.1644965 -0.8388354 0.5443852 0.05211045
3846	/frame 48651 /track 1 0.4279 3.016281 0.06283406 0.164465 -0.7156864 0.6984218 0.05241098
3846	/frame 48651 /track 1 0.4279 3.016281 0.06283406 0.164465 -0.7156864 0.6984218 0.05241098
3847	/frame 48652 /track 1 0.4289599 3.015507 0.0629897 0.1646795 -0.6817574 0.7315784 0.05407866
3847	/frame 48652 /track 1 0.4289599 3.015507 0.0629897 0.1646795 -0.6817574 0.7315784 0.05407866
3848	/frame 48653 /track 1 0.4298947 3.01485 0.06312698 0.1648614 -0.6297672 0.7767839 0.0568309
3848	/frame 48653 /track 1 0.4298947 3.01485 0.06312698 0.1648614 -0.6297672 0.7767839 0.0568309
3849	/frame 48654 /track 1 0.42981 3.01576 0.06311454 0.1646094 -0.536518 0.8438889 0.05549897
3849	/frame 48654 /track 1 0.42981 3.01576 0.06311454 0.1646094 -0.536518 0.8438889 0.05549897
3850	/frame 48655 /track 1 0.4297217 3.016584 0.06310157 0.1643811 -0.4577942 0.8890582 0.05512842
3850	/frame 48655 /track 1 0.4297217 3.016584 0.06310157 0.1643811 -0.4577942 0.8890582 0.05512842
3851	/frame 48656 /track 1 0.429633 3.017318 0.06308855 0.1641777 -0.3938356 0.9191808 0.05530526
3851	/frame 48656 /track 1 0.429633 3.017318 0.06308855 0.1641777 -0.3938356 0.9191808 0.05530526
3852	/frame 48657 /track 1 0.4295466 3.017963 0.06307586 0.1639992 -0.3434092 0.9391859 0.0535995
3852	/frame 48657 /track 1 0.4295466 3.017963 0.06307586 0.1639992 -0.3434092 0.9391859 0.0535995
3853	/frame 48658 /track 1 0.4308092 3.016614 0.06326127 0.1643728 -0.2213198 0.9752013 0.05747618
3853	/frame 48658 /track 1 0.4308092 3.016614 0.06326127 0.1643728 -0.2213198 0.9752013 0.05747618
3854	/frame 48659 /track 1 0.4319056 3.015426 0.06342226 0.164702 -0.06408726 0.9979443 0.06250823
3854	/frame 48659 /track 1 0.4319056 3.015426 0.06342226 0.164702 -0.06408726 0.9979443 0.06250823
3855	/frame 48660 /track 1 0.4320579 3.015067 0.06344462 0.1648015 0.04443478 0.9990123 0.05855292
3855	/frame 48660 /track 1 0.4320579 3.015067 0.06344462 0.1648015 0.04443478 0.9990123 0.05855292
3856	/frame 48661 /track 1 0.4321605 3.014772 0.06345969 0.1648831 0.1648126 0.9863249 0.05492494
3856	/frame 48661 /track 1 0.4321605 3.014772 0.06345969 0.1648831 0.1648126 0.9863249 0.05492494
3857	/frame 48662 /track 1 0.4322217 3.014536 0.06346868 0.1649485 0.2933876 0.9559937 0.05071583
3857	/frame 48662 /track 1 0.4322217 3.014536 0.06346868 0.1649485 0.2933876 0.9559937 0.05071583
3858	/frame 48663 /track 1 0.4323612 3.014913 0.06348916 0.1648442 0.3043258 0.952568 0.04800583
3858	/frame 48663 /track 1 0.4323612 3.014913 0.06348916 0.1648442 0.3043258 0.952568 0.04800583
3859	/frame 48664 /track 1 0.4324593 3.015263 0.06350357 0.1647472 0.297439 0.9547408 0.0458016
3859	/frame 48664 /track 1 0.4324593 3.015263 0.06350357 0.1647472 0.297439 0.9547408 0.0458016
3860	/frame 48665 /track 1 0.4322985 3.015695 0.06347995 0.1646276 0.1734572 0.9848415 0.04393305
3860	/frame 48665 /track 1 0.4322985 3.015695 0.06347995 0.1646276 0.1734572 0.9848415 0.04393305
3861	/frame 48666 /track 1 0.4321376 3.01608 0.06345633 0.1645208 0.06278808 0.9980269 0.04199711
3861	/frame 48666 /track 1 0.4321376 3.01608 0.06345633 0.1645208 0.06278808 0.9980269 0.04199711
3862	/frame 48667 /track 1 0.4322052 3.016195 0.06346625 0.1644891 0.1551187 0.9878958 0.03846195
3862	/frame 48667 /track 1 0.4322052 3.016195 0.06346625 0.1644891 0.1551187 0.9878958 0.03846195
3863	/frame 48668 /track 1 0.4322519 3.016292 0.06347311 0.1644621 0.2124265 0.9771771 0.03544589
3863	/frame 48668 /track 1 0.4322519 3.016292 0.06347311 0.1644621 0.2124265 0.9771771 0.03544589
3864	/frame 48669 /track 1 0.4317208 3.01727 0.06339513 0.1641912 0.0768619 0.9970418 0.03720082
3864	/frame 48669 /track 1 0.4317208 3.01727 0.06339513 0.1641912 0.0768619 0.9970418 0.03720082
3865	/frame 48670 /track 1 0.4312469 3.018119 0.06332553 0.1639561 -0.03759891 0.9992929 0.04042442
3865	/frame 48670 /track 1 0.4312469 3.018119 0.06332553 0.1639561 -0.03759891 0.9992929 0.04042442
3866	/frame 48671 /track 1 0.4308305 3.018843 0.06326439 0.1637553 -0.132632 0.9911654 0.04160619
3866	/frame 48671 /track 1 0.4308305 3.018843 0.06326439 0.1637553 -0.132632 0.9911654 0.04160619
3867	/frame 48672 /track 1 0.4301342 3.019788 0.06316214 0.1634936 -0.2298432 0.9732276 0.04396518
3867	/frame 48672 /track 1 0.4301342 3.019788 0.06316214 0.1634936 -0.2298432 0.9732276 0.04396518
3868	/frame 48673 /track 1 0.4295345 3.020583 0.06307408 0.1632735 -0.3089535 0.9510771 0.04542474
3868	/frame 48673 /track 1 0.4295345 3.020583 0.06307408 0.1632735 -0.3089535 0.9510771 0.04542474
3869	/frame 48674 /track 1 0.4290265 3.021239 0.06299949 0.1630918 -0.3734527 0.9276493 0.04680945
3869	/frame 48674 /track 1 0.4290265 3.021239 0.06299949 0.1630918 -0.3734527 0.9276493 0.04680945
3870	/frame 48675 /track 1 0.4278193 3.022441 0.06282221 0.1627586 -0.4466203 0.8947236 0.05215204
3870	/frame 48675 /track 1 0.4278193 3.022441 0.06282221 0.1627586 -0.4466203 0.8947236 0.05215204
3871	/frame 48676 /track 1 0.428135 3.022325 0.06286858 0.1627909 -0.2522537 0.9676611 0.04861952
3871	/frame 48676 /track 1 0.428135 3.022325 0.06286858 0.1627909 -0.2522537 0.9676611 0.04861952
3872	/frame 48677 /track 1 0.4284459 3.02217 0.06291423 0.1628338 -0.03168058 0.999498 0.04607326
3872	/frame 48677 /track 1 0.4284459 3.02217 0.06291423 0.1628338 -0.03168058 0.999498 0.04607326
3873	/frame 48678 /track 1 0.4287443 3.021989 0.06295805 0.1628839 0.2065643 0.978433 0.04379172
3873	/frame 48678 /track 1 0.4287443 3.021989 0.06295805 0.1628839 0.2065643 0.978433 0.04379172
3874	/frame 48679 /track 1 0.4298092 3.020561 0.06311443 0.1632796 0.4175311 0.9086626 0.049894
3874	/frame 48679 /track 1 0.4298092 3.020561 0.06311443 0.1632796 0.4175311 0.9086626 0.049894
3875	/frame 48680 /track 1 0.4307522 3.019284 0.0632529 0.1636334 0.6259911 0.7798302 0.05326037
3875	/frame 48680 /track 1 0.4307522 3.019284 0.0632529 0.1636334 0.6259911 0.7798302 0.05326037
3876	/frame 48681 /track 1 0.4309018 3.019056 0.06327487 0.1636965 0.8017648 0.5976396 0.04953694
3876	/frame 48681 /track 1 0.4309018 3.019056 0.06327487 0.1636965 0.8017648 0.5976396 0.04953694
3877	/frame 48682 /track 1 0.4310206 3.018864 0.06329231 0.1637496 0.9249972 0.3799738 0.04631964
3877	/frame 48682 /track 1 0.4310206 3.018864 0.06329231 0.1637496 0.9249972 0.3799738 0.04631964
3878	/frame 48683 /track 1 0.4308881 3.018705 0.06327285 0.1637937 0.9714046 0.2374304 0.04267344
3878	/frame 48683 /track 1 0.4308881 3.018705 0.06327285 0.1637937 0.9714046 0.2374304 0.04267344
3879	/frame 48684 /track 1 0.4307606 3.018576 0.06325412 0.1638295 0.9973111 0.0732848 0.03961658
3879	/frame 48684 /track 1 0.4307606 3.018576 0.06325412 0.1638295 0.9973111 0.0732848 0.03961658
3880	/frame 48685 /track 1 0.4306404 3.018473 0.06323647 0.1638579 0.9938234 -0.1109732 0.03678316
3880	/frame 48685 /track 1 0.4306404 3.018473 0.06323647 0.1638579 0.9938234 -0.1109732 0.03678316
3881	/frame 48686 /track 1 0.4305294 3.018394 0.06322017 0.1638797 0.950989 -0.3092249 0.03390538
3881	/frame 48686 /track 1 0.4305294 3.018394 0.06322017 0.1638797 0.950989 -0.3092249 0.03390538
3882	/frame 48687 /track 1 0.4299802 3.019009 0.06313953 0.1637095 0.9881518 -0.1534795 0.03536238
3882	/frame 48687 /track 1 0.4299802 3.019009 0.06313953 0.1637095 0.9881518 -0.1534795 0.03536238
3883	/frame 48688 /track 1 0.4300593 3.018658 0.06315114 0.1638066 0.9340828 -0.3570567 0.03382349
3883	/frame 48688 /track 1 0.4300593 3.018658 0.06315114 0.1638066 0.9340828 -0.3570567 0.03382349
3884	/frame 48689 /track 1 0.4301329 3.018354 0.06316195 0.1638909 0.8553585 -0.5180365 0.03218007
3884	/frame 48689 /track 1 0.4301329 3.018354 0.06316195 0.1638909 0.8553585 -0.5180365 0.03218007
3885	/frame 48690 /track 1 0.4305365 3.018318 0.06322122 0.1639008 0.8985257 -0.438921 0.03149434
3885	/frame 48690 /track 1 0.4305365 3.018318 0.06322122 0.1639008 0.8985257 -0.438921 0.03149434
3886	/frame 48691 /track 1 0.4308904 3.018296 0.06327318 0.1639071 0.9298208 -0.3680128 0.03043077
3886	/frame 48691 /track 1 0.4308904 3.018296 0.06327318 0.1639071 0.9298208 -0.3680128 0.03043077
3887	/frame 48692 /track 1 0.4311958 3.018284 0.06331804 0.1639103 0.9525079 -0.3045139 0.02957124
3887	/frame 48692 /track 1 0.4311958 3.018284 0.06331804 0.1639103 0.9525079 -0.3045139 0.02957124
3888	/frame 48693 /track 1 0.4312311 3.017945 0.06332321 0.1640043 0.8699299 -0.4931754 0.0283196
3888	/frame 48693 /track 1 0.4312311 3.017945 0.06332321 0.1640043 0.8699299 -0.4931754 0.0283196
3889	/frame 48694 /track 1 0.431252 3.017655 0.06332628 0.1640846 0.766502 -0.6422418 0.02772174
3889	/frame 48694 /track 1 0.431252 3.017655 0.06332628 0.1640846 0.766502 -0.6422418 0.02772174
3890	/frame 48695 /track 1 0.4312612 3.017412 0.06332764 0.1641518 0.6556805 -0.7550384 0.0263797
3890	/frame 48695 /track 1 0.4312612 3.017412 0.06332764 0.1641518 0.6556805 -0.7550384 0.0263797
3891	/frame 48696 /track 1 0.4310369 3.017772 0.06329471 0.164052 0.6946163 -0.7193804 0.0258645
3891	/frame 48696 /track 1 0.4310369 3.017772 0.06329471 0.164052 0.6946163 -0.7193804 0.0258645
3892	/frame 48697 /track 1 0.4308341 3.0181 0.06326491 0.1639612 0.7435887 -0.6686373 0.02568627
3892	/frame 48697 /track 1 0.4308341 3.0181 0.06326491 0.1639612 0.7435887 -0.6686373 0.02568627
3893	/frame 48698 /track 1 0.4313259 3.017048 0.06333713 0.1642526 0.6880954 -0.7256202 0.03037374
3893	/frame 48698 /track 1 0.4313259 3.017048 0.06333713 0.1642526 0.6880954 -0.7256202 0.03037374
3894	/frame 48699 /track 1 0.4317541 3.016134 0.06340002 0.1645059 0.6402904 -0.768133 0.03265137
3894	/frame 48699 /track 1 0.4317541 3.016134 0.06340002 0.1645059 0.6402904 -0.768133 0.03265137
3895	/frame 48700 /track 1 0.432121 3.015351 0.06345389 0.1647229 0.6000271 -0.7999797 0.03659359
3895	/frame 48700 /track 1 0.432121 3.015351 0.06345389 0.1647229 0.6000271 -0.7999797 0.03659359
3896	/frame 48701 /track 1 0.4325422 3.014804 0.06351575 0.1648744 0.6020744 -0.79844 0.03699504
3896	/frame 48701 /track 1 0.4325422 3.014804 0.06351575 0.1648744 0.6020744 -0.79844 0.03699504
3897	/frame 48702 /track 1 0.4328957 3.014357 0.06356765 0.1649981 0.6057954 -0.7956205 0.03664682
3897	/frame 48702 /track 1 0.4328957 3.014357 0.06356765 0.1649981 0.6057954 -0.7956205 0.03664682
3898	/frame 48703 /track 1 0.4330747 3.014337 0.06359394 0.1650037 0.7203838 -0.6935756 0.03398306
3898	/frame 48703 /track 1 0.4330747 3.014337 0.06359394 0.1650037 0.7203838 -0.6935756 0.03398306
3899	/frame 48704 /track 1 0.4332115 3.014353 0.06361403 0.1649991 0.825559 -0.5643159 0.03139555
3899	/frame 48704 /track 1 0.4332115 3.014353 0.06361403 0.1649991 0.825559 -0.5643159 0.03139555
3900	/frame 48705 /track 1 0.4333118 3.014398 0.06362875 0.1649867 0.9161629 -0.4008061 0.02898812
3900	/frame 48705 /track 1 0.4333118 3.014398 0.06362875 0.1649867 0.9161629 -0.4008061 0.02898812
3901	/frame 48706 /track 1 0.4323722 3.015809 0.06349079 0.164596 0.9709419 -0.239315 0.03668157
3901	/frame 48706 /track 1 0.4323722 3.015809 0.06349079 0.164596 0.9709419 -0.239315 0.03668157
3902	/frame 48707 /track 1 0.4315354 3.017061 0.0633679 0.1642489 0.9993441 -0.03621337 0.04187607
3902	/frame 48707 /track 1 0.4315354 3.017061 0.0633679 0.1642489 0.9993441 -0.03621337 0.04187607
3903	/frame 48708 /track 1 0.4314741 3.017373 0.0633589 0.1641627 0.9763309 0.2162819 0.0391986
3903	/frame 48708 /track 1 0.4314741 3.017373 0.0633589 0.1641627 0.9763309 0.2162819 0.0391986
3904	/frame 48709 /track 1 0.4314272 3.017632 0.06335201 0.164091 0.8951695 0.4457256 0.03692332
3904	/frame 48709 /track 1 0.4314272 3.017632 0.06335201 0.164091 0.8951695 0.4457256 0.03692332
3905	/frame 48710 /track 1 0.4307204 3.018291 0.06324822 0.1639084 0.7551982 0.6554966 0.03891632
3905	/frame 48710 /track 1 0.4307204 3.018291 0.06324822 0.1639084 0.7551982 0.6554966 0.03891632
3906	/frame 48711 /track 1 0.4301102 3.01885 0.06315862 0.1637535 0.5680348 0.8230045 0.03989295
3906	/frame 48711 /track 1 0.4301102 3.01885 0.06315862 0.1637535 0.5680348 0.8230045 0.03989295
3907	/frame 48712 /track 1 0.4302644 3.019092 0.06318126 0.1636866 0.5619925 0.8271423 0.03781518
3907	/frame 48712 /track 1 0.4302644 3.019092 0.06318126 0.1636866 0.5619925 0.8271423 0.03781518
3908	/frame 48713 /track 1 0.4304183 3.019277 0.06320387 0.1636353 0.5780557 0.8159973 0.03575303
3908	/frame 48713 /track 1 0.4304183 3.019277 0.06320387 0.1636353 0.5780557 0.8159973 0.03575303
3909	/frame 48714 /track 1 0.4311284 3.017956 0.06330813 0.1640013 0.7609515 0.6488089 0.04100001
3909	/frame 48714 /track 1 0.4311284 3.017956 0.06330813 0.1640013 0.7609515 0.6488089 0.04100001
3910	/frame 48715 /track 1 0.4317592 3.016779 0.06340076 0.1643273 0.8996055 0.4367035 0.04431804
3910	/frame 48715 /track 1 0.4317592 3.016779 0.06340076 0.1643273 0.8996055 0.4367035 0.04431804
3911	/frame 48716 /track 1 0.432311 3.015746 0.06348179 0.1646133 0.9784562 0.2064547 0.04769159
3911	/frame 48716 /track 1 0.432311 3.015746 0.06348179 0.1646133 0.9784562 0.2064547 0.04769159
3912	/frame 48717 /track 1 0.4323379 3.015639 0.06348575 0.1646429 0.9993509 -0.0360238 0.04344695
3912	/frame 48717 /track 1 0.4323379 3.015639 0.06348575 0.1646429 0.9993509 -0.0360238 0.04344695
3913	/frame 48718 /track 1 0.4323494 3.015566 0.06348743 0.1646631 0.9644509 -0.264262 0.03959461
3913	/frame 48718 /track 1 0.4323494 3.015566 0.06348743 0.1646631 0.9644509 -0.264262 0.03959461
3914	/frame 48719 /track 1 0.433021 3.014849 0.06358605 0.1648617 0.9303616 -0.3666434 0.04177487
3914	/frame 48719 /track 1 0.433021 3.014849 0.06358605 0.1648617 0.9303616 -0.3666434 0.04177487
3915	/frame 48720 /track 1 0.4335972 3.014242 0.06367067 0.16503 0.8952447 -0.4455747 0.04252361
3915	/frame 48720 /track 1 0.4335972 3.014242 0.06367067 0.16503 0.8952447 -0.4455747 0.04252361
3916	/frame 48721 /track 1 0.4340833 3.013736 0.06374204 0.1651702 0.8626966 -0.5057218 0.04328275
3916	/frame 48721 /track 1 0.4340833 3.013736 0.06374204 0.1651702 0.8626966 -0.5057218 0.04328275
3917	/frame 48722 /track 1 0.434486 3.013323 0.06380118 0.1652846 0.8343827 -0.5511858 0.04234833
3917	/frame 48722 /track 1 0.434486 3.013323 0.06380118 0.1652846 0.8343827 -0.5511858 0.04234833
3918	/frame 48723 /track 1 0.433692 3.01445 0.06368458 0.1649724 0.8940326 -0.448002 0.04622411
3918	/frame 48723 /track 1 0.433692 3.01445 0.06368458 0.1649724 0.8940326 -0.448002 0.04622411
3919	/frame 48724 /track 1 0.4329732 3.015465 0.06357903 0.1646911 0.9512739 -0.3083471 0.04937738
3919	/frame 48724 /track 1 0.4329732 3.015465 0.06357903 0.1646911 0.9512739 -0.3083471 0.04937738
3920	/frame 48725 /track 1 0.4324447 3.015917 0.06350143 0.1645659 0.9823138 -0.1872427 0.04809904
3920	/frame 48725 /track 1 0.4324447 3.015917 0.06350143 0.1645659 0.9823138 -0.1872427 0.04809904
3921	/frame 48726 /track 1 0.4319805 3.016312 0.06343326 0.1644566 0.9995297 -0.03066447 0.04735179
3921	/frame 48726 /track 1 0.4319805 3.016312 0.06343326 0.1644566 0.9995297 -0.03066447 0.04735179
3922	/frame 48727 /track 1 0.4315791 3.016876 0.06337432 0.1643004 0.9797939 0.2000098 0.0469412
3922	/frame 48727 /track 1 0.4315791 3.016876 0.06337432 0.1643004 0.9797939 0.2000098 0.0469412
3923	/frame 48728 /track 1 0.4312376 3.017358 0.06332418 0.1641668 0.8994953 0.4369304 0.04535741
3923	/frame 48728 /track 1 0.4312376 3.017358 0.06332418 0.1641668 0.8994953 0.4369304 0.04535741
3924	/frame 48729 /track 1 0.4309522 3.017764 0.06328226 0.1640544 0.7613737 0.6483133 0.04413061
3924	/frame 48729 /track 1 0.4309522 3.017764 0.06328226 0.1640544 0.7613737 0.6483133 0.04413061
3925	/frame 48730 /track 1 0.430606 3.018099 0.06323142 0.1639614 0.5763583 0.8171971 0.0421277
3925	/frame 48730 /track 1 0.430606 3.018099 0.06323142 0.1639614 0.5763583 0.8171971 0.0421277
3926	/frame 48731 /track 1 0.4307688 3.017922 0.06325534 0.1640105 0.7632557 0.6460966 0.03951788
3926	/frame 48731 /track 1 0.4307688 3.017922 0.06325534 0.1640105 0.7632557 0.6460966 0.03951788
3927	/frame 48732 /track 1 0.4309295 3.017746 0.06327893 0.1640594 0.8968292 0.4423769 0.03689264
3927	/frame 48732 /track 1 0.4309295 3.017746 0.06327893 0.1640594 0.8968292 0.4423769 0.03689264
3928	/frame 48733 /track 1 0.4310839 3.017574 0.0633016 0.1641069 0.9724414 0.2331474 0.03456165
3928	/frame 48733 /track 1 0.4310839 3.017574 0.0633016 0.1641069 0.9724414 0.2331474 0.03456165
3929	/frame 48734 /track 1 0.4312293 3.017523 0.06332295 0.1641211 0.9924519 0.1226349 0.03206873
3929	/frame 48734 /track 1 0.4312293 3.017523 0.06332295 0.1641211 0.9924519 0.1226349 0.03206873
3930	/frame 48735 /track 1 0.4313635 3.017468 0.06334266 0.1641362 0.9997352 0.02300862 0.02989628
3930	/frame 48735 /track 1 0.4313635 3.017468 0.06334266 0.1641362 0.9997352 0.02300862 0.02989628
3931	/frame 48736 /track 1 0.4314854 3.017413 0.06336056 0.1641514 0.9978578 -0.06542102 0.02774263
3931	/frame 48736 /track 1 0.4314854 3.017413 0.06336056 0.1641514 0.9978578 -0.06542102 0.02774263
3932	/frame 48737 /track 1 0.4317064 3.017471 0.063393 0.1641355 0.9999989 -0.001506418 0.02631185
3932	/frame 48737 /track 1 0.4317064 3.017471 0.063393 0.1641355 0.9999989 -0.001506418 0.02631185
3933	/frame 48738 /track 1 0.4313396 3.018413 0.06333914 0.1638745 0.9686868 0.2482863 0.0290023
3933	/frame 48738 /track 1 0.4313396 3.018413 0.06333914 0.1638745 0.9686868 0.2482863 0.0290023
3934	/frame 48739 /track 1 0.4310176 3.01923 0.06329187 0.1636481 0.8760973 0.4821343 0.03237488
3934	/frame 48739 /track 1 0.4310176 3.01923 0.06329187 0.1636481 0.8760973 0.4821343 0.03237488
3935	/frame 48740 /track 1 0.4307395 3.019928 0.06325103 0.163455 0.7380225 0.674776 0.03355247
3935	/frame 48740 /track 1 0.4307395 3.019928 0.06325103 0.163455 0.7380225 0.674776 0.03355247
3936	/frame 48741 /track 1 0.4305032 3.020512 0.06321632 0.1632931 0.5783531 0.8157867 0.0339065
3936	/frame 48741 /track 1 0.4305032 3.020512 0.06321632 0.1632931 0.5783531 0.8157867 0.0339065
3937	/frame 48742 /track 1 0.4303057 3.020433 0.06318734 0.163315 0.4309233 0.9023886 0.03163526
3937	/frame 48742 /track 1 0.4303057 3.020433 0.06318734 0.163315 0.4309233 0.9023886 0.03163526
3938	/frame 48743 /track 1 0.4307044 3.019099 0.06324588 0.1636846 0.6053277 0.7959763 0.03666284
3938	/frame 48743 /track 1 0.4307044 3.019099 0.06324588 0.1636846 0.6053277 0.7959763 0.03666284
3939	/frame 48744 /track 1 0.4310638 3.017908 0.06329865 0.1640145 0.7737244 0.6335224 0.04188345
3939	/frame 48744 /track 1 0.4310638 3.017908 0.06329865 0.1640145 0.7737244 0.6335224 0.04188345
3940	/frame 48745 /track 1 0.4313826 3.016861 0.06334546 0.1643045 0.9071663 0.4207722 0.04345489
3940	/frame 48745 /track 1 0.4313826 3.016861 0.06334546 0.1643045 0.9071663 0.4207722 0.04345489
3941	/frame 48746 /track 1 0.4308766 3.017188 0.06327115 0.164214 0.7805482 0.6250958 0.0428746
3941	/frame 48746 /track 1 0.4308766 3.017188 0.06327115 0.164214 0.7805482 0.6250958 0.0428746
3942	/frame 48747 /track 1 0.4304317 3.017492 0.06320583 0.1641297 0.5983749 0.8012162 0.04218004
3942	/frame 48747 /track 1 0.4304317 3.017492 0.06320583 0.1641297 0.5983749 0.8012162 0.04218004
3943	/frame 48748 /track 1 0.4300466 3.01777 0.06314929 0.1640527 0.3839655 0.9233475 0.04093025
3943	/frame 48748 /track 1 0.4300466 3.01777 0.06314929 0.1640527 0.3839655 0.9233475 0.04093025
3944	/frame 48749 /track 1 0.4296067 3.018356 0.06308468 0.1638903 0.2028572 0.9792083 0.04114899
3944	/frame 48749 /track 1 0.4296067 3.018356 0.06308468 0.1638903 0.2028572 0.9792083 0.04114899
3945	/frame 48750 /track 1 0.4292345 3.018871 0.06303003 0.1637478 0.04679164 0.9989046 0.0407694
3945	/frame 48750 /track 1 0.4292345 3.018871 0.06303003 0.1637478 0.04679164 0.9989046 0.0407694
3946	/frame 48751 /track 1 0.428477 3.019876 0.0629188 0.1634694 -0.08688104 0.9962187 0.04455784
3946	/frame 48751 /track 1 0.428477 3.019876 0.0629188 0.1634694 -0.08688104 0.9962187 0.04455784
3947	/frame 48752 /track 1 0.4278342 3.020742 0.06282441 0.1632293 -0.193822 0.9810367 0.04578101
3947	/frame 48752 /track 1 0.4278342 3.020742 0.06282441 0.1632293 -0.193822 0.9810367 0.04578101
3948	/frame 48753 /track 1 0.4272983 3.021477 0.06274572 0.1630257 -0.2774246 0.9607475 0.04726849
3948	/frame 48753 /track 1 0.4272983 3.021477 0.06274572 0.1630257 -0.2774246 0.9607475 0.04726849
3949	/frame 48754 /track 1 0.4270845 3.021418 0.06271432 0.1630421 -0.5028898 0.8643506 0.04392863
3949	/frame 48754 /track 1 0.4270845 3.021418 0.06271432 0.1630421 -0.5028898 0.8643506 0.04392863
3950	/frame 48755 /track 1 0.4283871 3.019876 0.06290559 0.1634694 -0.4519982 0.8920189 0.04914996
3950	/frame 48755 /track 1 0.4283871 3.019876 0.06290559 0.1634694 -0.4519982 0.8920189 0.04914996
3951	/frame 48756 /track 1 0.4295541 3.018501 0.06307696 0.1638502 -0.3817016 0.9242857 0.05625536
3951	/frame 48756 /track 1 0.4295541 3.018501 0.06307696 0.1638502 -0.3817016 0.9242857 0.05625536
3952	/frame 48757 /track 1 0.4305833 3.017295 0.06322809 0.1641841 -0.285527 0.9583706 0.06195306
3952	/frame 48757 /track 1 0.4305833 3.017295 0.06322809 0.1641841 -0.285527 0.9583706 0.06195306
3953	/frame 48758 /track 1 0.4315891 3.016142 0.06337579 0.1645036 -0.1544445 0.9880015 0.06340885
3953	/frame 48758 /track 1 0.4315891 3.016142 0.06337579 0.1645036 -0.1544445 0.9880015 0.06340885
3954	/frame 48759 /track 1 0.4324505 3.01516 0.06350228 0.1647757 0.0142936 0.9998978 0.0664
3954	/frame 48759 /track 1 0.4324505 3.01516 0.06350228 0.1647757 0.0142936 0.9998978 0.0664
3955	/frame 48760 /track 1 0.433176 3.014338 0.0636088 0.1650035 0.2174324 0.9760754 0.06661342
3955	/frame 48760 /track 1 0.433176 3.014338 0.0636088 0.1650035 0.2174324 0.9760754 0.06661342
3956	/frame 48761 /track 1 0.4322066 3.016016 0.06346647 0.1645385 0.076518 0.9970682 0.07135358
3956	/frame 48761 /track 1 0.4322066 3.016016 0.06346647 0.1645385 0.076518 0.9970682 0.07135358
3957	/frame 48762 /track 1 0.4313235 3.017527 0.06333678 0.1641201 -0.04150921 0.9991381 0.07342783
3957	/frame 48762 /track 1 0.4313235 3.017527 0.06333678 0.1641201 -0.04150921 0.9991381 0.07342783
3958	/frame 48763 /track 1 0.4316525 3.01696 0.0633851 0.1642771 0.1078145 0.994171 0.069941
3958	/frame 48763 /track 1 0.4316525 3.01696 0.0633851 0.1642771 0.1078145 0.994171 0.069941
3959	/frame 48764 /track 1 0.4319314 3.016465 0.06342606 0.1644141 0.2860785 0.9582062 0.06649506
3959	/frame 48764 /track 1 0.4319314 3.016465 0.06342606 0.1644141 0.2860785 0.9582062 0.06649506
3960	/frame 48765 /track 1 0.4321636 3.016041 0.06346015 0.1645317 0.4830121 0.8756137 0.06307065
3960	/frame 48765 /track 1 0.4321636 3.016041 0.06346015 0.1645317 0.4830121 0.8756137 0.06307065
3961	/frame 48766 /track 1 0.4314566 3.017476 0.06335633 0.1641341 0.3198921 0.947454 0.06518345
3961	/frame 48766 /track 1 0.4314566 3.017476 0.06335633 0.1641341 0.3198921 0.947454 0.06518345
3962	/frame 48767 /track 1 0.4310498 3.017959 0.06329659 0.1640004 0.137135 0.9905524 0.06261082
3962	/frame 48767 /track 1 0.4310498 3.017959 0.06329659 0.1640004 0.137135 0.9905524 0.06261082
3963	/frame 48768 /track 1 0.430691 3.018376 0.06324391 0.1638848 -0.02270163 0.9997423 0.06001938
3963	/frame 48768 /track 1 0.430691 3.018376 0.06324391 0.1638848 -0.02270163 0.9997423 0.06001938
3964	/frame 48769 /track 1 0.4303795 3.018731 0.06319816 0.1637864 -0.1566484 0.9876544 0.05650422
3964	/frame 48769 /track 1 0.4303795 3.018731 0.06319816 0.1637864 -0.1566484 0.9876544 0.05650422
3965	/frame 48770 /track 1 0.4301133 3.019028 0.06315908 0.1637041 -0.2662255 0.9639108 0.05370298
3965	/frame 48770 /track 1 0.4301133 3.019028 0.06315908 0.1637041 -0.2662255 0.9639108 0.05370298
3966	/frame 48771 /track 1 0.428769 3.01916 0.06296168 0.1636677 -0.4632159 0.8862455 0.05627813
3966	/frame 48771 /track 1 0.428769 3.01916 0.06296168 0.1636677 -0.4632159 0.8862455 0.05627813
3967	/frame 48772 /track 1 0.4276071 3.019257 0.06279105 0.1636407 -0.6183748 0.7858834 0.05750924
3967	/frame 48772 /track 1 0.4276071 3.019257 0.06279105 0.1636407 -0.6183748 0.7858834 0.05750924
3968	/frame 48773 /track 1 0.428076 3.017981 0.06285991 0.1639943 -0.695164 0.7188513 0.05931329
3968	/frame 48773 /track 1 0.428076 3.017981 0.06285991 0.1639943 -0.695164 0.7188513 0.05931329
3969	/frame 48774 /track 1 0.4285212 3.016852 0.06292529 0.164307 -0.7792658 0.6266935 0.05976903
3969	/frame 48774 /track 1 0.4285212 3.016852 0.06292529 0.164307 -0.7792658 0.6266935 0.05976903
3970	/frame 48775 /track 1 0.4294961 3.015869 0.06306844 0.1645793 -0.8022694 0.5969622 0.06193683
3970	/frame 48775 /track 1 0.4294961 3.015869 0.06306844 0.1645793 -0.8022694 0.5969622 0.06193683
3971	/frame 48776 /track 1 0.430364 3.015026 0.06319588 0.1648128 -0.8276187 0.5612908 0.06438433
3971	/frame 48776 /track 1 0.430364 3.015026 0.06319588 0.1648128 -0.8276187 0.5612908 0.06438433
3972	/frame 48777 /track 1 0.4311247 3.014316 0.06330758 0.1650096 -0.8555137 0.5177802 0.06488411
3972	/frame 48777 /track 1 0.4311247 3.014316 0.06330758 0.1650096 -0.8555137 0.5177802 0.06488411
3973	/frame 48778 /track 1 0.4313327 3.014512 0.06333814 0.1649551 -0.6977665 0.7163253 0.05975908
3973	/frame 48778 /track 1 0.4313327 3.014512 0.06333814 0.1649551 -0.6977665 0.7163253 0.05975908
3974	/frame 48779 /track 1 0.4320591 3.013824 0.06344481 0.1651458 -0.6881062 0.72561 0.06045587
3974	/frame 48779 /track 1 0.4320591 3.013824 0.06344481 0.1651458 -0.6881062 0.72561 0.06045587
3975	/frame 48780 /track 1 0.4326769 3.013253 0.06353551 0.165304 -0.6719204 0.7406233 0.05908363
3975	/frame 48780 /track 1 0.4326769 3.013253 0.06353551 0.165304 -0.6719204 0.7406233 0.05908363
3976	/frame 48781 /track 1 0.433193 3.012789 0.06361131 0.1654326 -0.6463646 0.7630286 0.057803
3976	/frame 48781 /track 1 0.433193 3.012789 0.06361131 0.1654326 -0.6463646 0.7630286 0.057803
3977	/frame 48782 /track 1 0.4336159 3.01242 0.0636734 0.1655345 -0.6069729 0.7947224 0.05602749
3977	/frame 48782 /track 1 0.4336159 3.01242 0.0636734 0.1655345 -0.6069729 0.7947224 0.05602749
3978	/frame 48783 /track 1 0.432946 3.012025 0.06357504 0.165644 -0.7771866 0.6292703 0.05500007
3978	/frame 48783 /track 1 0.432946 3.012025 0.06357504 0.165644 -0.7771866 0.6292703 0.05500007
3979	/frame 48784 /track 1 0.4323303 3.011718 0.06348462 0.1657292 -0.8887756 0.4583426 0.05380167
3979	/frame 48784 /track 1 0.4323303 3.011718 0.06348462 0.1657292 -0.8887756 0.4583426 0.05380167
3980	/frame 48785 /track 1 0.4323341 3.012271 0.06348519 0.1655758 -0.7807496 0.624844 0.05105893
3980	/frame 48785 /track 1 0.4323341 3.012271 0.06348519 0.1655758 -0.7807496 0.624844 0.05105893
3981	/frame 48786 /track 1 0.4323278 3.012791 0.06348426 0.1654318 -0.6666455 0.7453749 0.04941832
3981	/frame 48786 /track 1 0.4323278 3.012791 0.06348426 0.1654318 -0.6666455 0.7453749 0.04941832
3982	/frame 48787 /track 1 0.4319775 3.013606 0.06343282 0.1652061 -0.6171934 0.7868114 0.04914492
3982	/frame 48787 /track 1 0.4319775 3.013606 0.06343282 0.1652061 -0.6171934 0.7868114 0.04914492
3983	/frame 48788 /track 1 0.4316646 3.014333 0.06338687 0.1650048 -0.5757092 0.8176545 0.04988185
3983	/frame 48788 /track 1 0.4316646 3.014333 0.06338687 0.1650048 -0.5757092 0.8176545 0.04988185
3984	/frame 48789 /track 1 0.4313894 3.014971 0.06334647 0.1648281 -0.5414461 0.8407355 0.04952585
3984	/frame 48789 /track 1 0.4313894 3.014971 0.06334647 0.1648281 -0.5414461 0.8407355 0.04952585
3985	/frame 48790 /track 1 0.4317115 3.015074 0.06339376 0.1647995 -0.3125416 0.9499041 0.04656276
3985	/frame 48790 /track 1 0.4317115 3.015074 0.06339376 0.1647995 -0.3125416 0.9499041 0.04656276
3986	/frame 48791 /track 1 0.43323 3.013583 0.06361675 0.1652125 -0.169458 0.9855374 0.0531067
3986	/frame 48791 /track 1 0.43323 3.013583 0.06361675 0.1652125 -0.169458 0.9855374 0.0531067
3987	/frame 48792 /track 1 0.434555 3.012271 0.06381131 0.165576 0.01147855 0.9999341 0.05945122
3987	/frame 48792 /track 1 0.434555 3.012271 0.06381131 0.165576 0.01147855 0.9999341 0.05945122
3988	/frame 48793 /track 1 0.4356929 3.011134 0.0639784 0.1658909 0.2245324 0.9744667 0.06296843
3988	/frame 48793 /track 1 0.4356929 3.011134 0.0639784 0.1658909 0.2245324 0.9744667 0.06296843
3989	/frame 48794 /track 1 0.4366539 3.010164 0.06411952 0.1661595 0.4505514 0.8927505 0.06642296
3989	/frame 48794 /track 1 0.4366539 3.010164 0.06411952 0.1661595 0.4505514 0.8927505 0.06642296
3990	/frame 48795 /track 1 0.4346491 3.01036 0.06382513 0.1661052 0.2132229 0.9770036 0.06985258
3990	/frame 48795 /track 1 0.4346491 3.01036 0.06382513 0.1661052 0.2132229 0.9770036 0.06985258
3991	/frame 48796 /track 1 0.4349822 3.010572 0.06387403 0.1660465 0.3574007 0.9339511 0.06533381
3991	/frame 48796 /track 1 0.4349822 3.010572 0.06387403 0.1660465 0.3574007 0.9339511 0.06533381
3992	/frame 48797 /track 1 0.435255 3.01079 0.06391409 0.1659861 0.45266 0.8916832 0.06129548
3992	/frame 48797 /track 1 0.435255 3.01079 0.06391409 0.1659861 0.45266 0.8916832 0.06129548
3993	/frame 48798 /track 1 0.4354734 3.011007 0.06394617 0.1659261 0.5085319 0.8610432 0.05697616
3993	/frame 48798 /track 1 0.4354734 3.011007 0.06394617 0.1659261 0.5085319 0.8610432 0.05697616
3994	/frame 48799 /track 1 0.4356437 3.011217 0.06397118 0.1658679 0.5339138 0.8455389 0.05286796
3994	/frame 48799 /track 1 0.4356437 3.011217 0.06397118 0.1658679 0.5339138 0.8455389 0.05286796
3995	/frame 48800 /track 1 0.4347631 3.012984 0.06384187 0.1653783 0.3664773 0.930427 0.05992249
3995	/frame 48800 /track 1 0.4347631 3.012984 0.06384187 0.1653783 0.3664773 0.930427 0.05992249
3996	/frame 48801 /track 1 0.433751 3.014201 0.06369324 0.1650413 0.1799538 0.9836751 0.06146651
3996	/frame 48801 /track 1 0.433751 3.014201 0.06369324 0.1650413 0.1799538 0.9836751 0.06146651
3997	/frame 48802 /track 1 0.4328612 3.015251 0.06356259 0.1647505 0.01471349 0.9998918 0.06514912
3997	/frame 48802 /track 1 0.4328612 3.015251 0.06356259 0.1647505 0.01471349 0.9998918 0.06514912
3998	/frame 48803 /track 1 0.4320912 3.016142 0.06344952 0.1645037 -0.1248592 0.9921744 0.06648497
3998	/frame 48803 /track 1 0.4320912 3.016142 0.06344952 0.1645037 -0.1248592 0.9921744 0.06648497
3999	/frame 48804 /track 1 0.4318838 3.016324 0.06341906 0.1644531 -0.2613506 0.9652441 0.06146202
3999	/frame 48804 /track 1 0.4318838 3.016324 0.06341906 0.1644531 -0.2613506 0.9652441 0.06146202
4000	/frame 48805 /track 1 0.4317262 3.016443 0.06339591 0.1644202 -0.3825399 0.923939 0.05625564
4000	/frame 48805 /track 1 0.4317262 3.016443 0.06339591 0.1644202 -0.3825399 0.923939 0.05625564
4001	/frame 48806 /track 1 0.430939 3.017293 0.06328033 0.1641847 -0.4466577 0.8947049 0.05787262
4001	/frame 48806 /track 1 0.430939 3.017293 0.06328033 0.1641847 -0.4466577 0.8947049 0.05787262
4002	/frame 48807 /track 1 0.4302743 3.018001 0.06318272 0.1639887 -0.4979004 0.8672342 0.05815217
4002	/frame 48807 /track 1 0.4302743 3.018001 0.06318272 0.1639887 -0.4979004 0.8672342 0.05815217
4003	/frame 48808 /track 1 0.4294989 3.019138 0.06306886 0.1636738 -0.5113112 0.8593956 0.06093838
4003	/frame 48808 /track 1 0.4294989 3.019138 0.06306886 0.1636738 -0.5113112 0.8593956 0.06093838
4004	/frame 48809 /track 1 0.4288557 3.020086 0.0629744 0.1634112 -0.5215513 0.8532199 0.06200461
4004	/frame 48809 /track 1 0.4288557 3.020086 0.0629744 0.1634112 -0.5215513 0.8532199 0.06200461
4005	/frame 48810 /track 1 0.4291172 3.020188 0.06301281 0.1633828 -0.2908868 0.9567574 0.05728237
4005	/frame 48810 /track 1 0.4291172 3.020188 0.06301281 0.1633828 -0.2908868 0.9567574 0.05728237
4006	/frame 48811 /track 1 0.4293865 3.020221 0.06305236 0.1633738 -0.04163909 0.9991327 0.05381446
4006	/frame 48811 /track 1 0.4293865 3.020221 0.06305236 0.1633738 -0.04163909 0.9991327 0.05381446
4007	/frame 48812 /track 1 0.4296543 3.020198 0.06309168 0.1633801 0.2090258 0.9779101 0.04984754
4007	/frame 48812 /track 1 0.4296543 3.020198 0.06309168 0.1633801 0.2090258 0.9779101 0.04984754
4008	/frame 48813 /track 1 0.4295773 3.020021 0.06308037 0.1634292 0.1440018 0.9895775 0.04593589
4008	/frame 48813 /track 1 0.4295773 3.020021 0.06308037 0.1634292 0.1440018 0.9895775 0.04593589
4009	/frame 48814 /track 1 0.4295293 3.019827 0.06307332 0.1634828 0.1113027 0.9937865 0.04258889
4009	/frame 48814 /track 1 0.4295293 3.019827 0.06307332 0.1634828 0.1113027 0.9937865 0.04258889
4010	/frame 48815 /track 1 0.4295052 3.019626 0.06306978 0.1635385 0.1086299 0.9940823 0.03977593
4010	/frame 48815 /track 1 0.4295052 3.019626 0.06306978 0.1635385 0.1086299 0.9940823 0.03977593
4011	/frame 48816 /track 1 0.4283795 3.020994 0.06290448 0.1631596 -0.04306817 0.9990722 0.0462186
4011	/frame 48816 /track 1 0.4283795 3.020994 0.06290448 0.1631596 -0.04306817 0.9990722 0.0462186
4012	/frame 48817 /track 1 0.4274121 3.022166 0.06276242 0.1628348 -0.1678707 0.985809 0.05053881
4012	/frame 48817 /track 1 0.4274121 3.022166 0.06276242 0.1628348 -0.1678707 0.985809 0.05053881
4013	/frame 48818 /track 1 0.4290598 3.020017 0.06300438 0.1634301 -0.01882691 0.9998228 0.06052992
4013	/frame 48818 /track 1 0.4290598 3.020017 0.06300438 0.1634301 -0.01882691 0.9998228 0.06052992
4014	/frame 48819 /track 1 0.4305316 3.018099 0.0632205 0.1639616 0.1654884 0.9862117 0.07059846
4014	/frame 48819 /track 1 0.4305316 3.018099 0.0632205 0.1639616 0.1654884 0.9862117 0.07059846
4015	/frame 48820 /track 1 0.4318258 3.016412 0.06341054 0.1644288 0.3754382 0.9268475 0.07604271
4015	/frame 48820 /track 1 0.4318258 3.016412 0.06341054 0.1644288 0.3754382 0.9268475 0.07604271
4016	/frame 48821 /track 1 0.4317133 3.016746 0.06339402 0.1643362 0.2455584 0.9693818 0.07064121
4016	/frame 48821 /track 1 0.4317133 3.016746 0.06339402 0.1643362 0.2455584 0.9693818 0.07064121
4017	/frame 48822 /track 1 0.4315923 3.017068 0.06337626 0.164247 0.1292731 0.9916091 0.06538809
4017	/frame 48822 /track 1 0.4315923 3.017068 0.06337626 0.164247 0.1292731 0.9916091 0.06538809
4018	/frame 48823 /track 1 0.431468 3.017372 0.063358 0.1641629 0.02769929 0.9996163 0.06103579
4018	/frame 48823 /track 1 0.431468 3.017372 0.063358 0.1641629 0.02769929 0.9996163 0.06103579
4019	/frame 48824 /track 1 0.4317929 3.01698 0.06340571 0.1642714 0.2275459 0.9737673 0.05811175
4019	/frame 48824 /track 1 0.4317929 3.01698 0.06340571 0.1642714 0.2275459 0.9737673 0.05811175
4020	/frame 48825 /track 1 0.4320646 3.016649 0.06344561 0.1643631 0.4448968 0.8955818 0.05482057
4020	/frame 48825 /track 1 0.4320646 3.016649 0.06344561 0.1643631 0.4448968 0.8955818 0.05482057
4021	/frame 48826 /track 1 0.4316151 3.017271 0.06337961 0.1641909 0.2611879 0.965288 0.05337562
4021	/frame 48826 /track 1 0.4316151 3.017271 0.06337961 0.1641909 0.2611879 0.965288 0.05337562
4022	/frame 48827 /track 1 0.4312075 3.017829 0.06331975 0.1640363 0.09613833 0.9953679 0.0529762
4022	/frame 48827 /track 1 0.4312075 3.017829 0.06331975 0.1640363 0.09613833 0.9953679 0.0529762
4023	/frame 48828 /track 1 0.4318523 3.01709 0.06341444 0.164241 0.3086922 0.951162 0.05344819
4023	/frame 48828 /track 1 0.4318523 3.01709 0.06341444 0.164241 0.3086922 0.951162 0.05344819
4024	/frame 48829 /track 1 0.4324124 3.016444 0.06349669 0.1644199 0.5282597 0.8490828 0.05313132
4024	/frame 48829 /track 1 0.4324124 3.016444 0.06349669 0.1644199 0.5282597 0.8490828 0.05313132
4025	/frame 48830 /track 1 0.4328912 3.015889 0.06356699 0.1645737 0.7246578 0.6891088 0.05240058
4025	/frame 48830 /track 1 0.4328912 3.015889 0.06356699 0.1645737 0.7246578 0.6891088 0.05240058
4026	/frame 48831 /track 1 0.4329574 3.015308 0.06357671 0.1647348 0.8638504 0.5037484 0.05024079
4026	/frame 48831 /track 1 0.4329574 3.015308 0.06357671 0.1647348 0.8638504 0.5037484 0.05024079
4027	/frame 48832 /track 1 0.4325476 3.016165 0.06351654 0.1644973 0.7187384 0.6952806 0.04996784
4027	/frame 48832 /track 1 0.4325476 3.016165 0.06351654 0.1644973 0.7187384 0.6952806 0.04996784
4028	/frame 48833 /track 1 0.4321727 3.016937 0.06346148 0.1642834 0.551224 0.8343573 0.05157275
4028	/frame 48833 /track 1 0.4321727 3.016937 0.06346148 0.1642834 0.551224 0.8343573 0.05157275
