11	/_samplerate 60 /drops_1 0 0 /energy 0.01800341 0.0117052 /char1 0.7235638 0.7287238 /char2 0.181 0.181 /drops_2 0 0 /tube 0.77 0.77 /drops_3 0 0
13	/_samplerate 60 /drops_1 0 0 0 /energy 0.006745369 0.003137517 0.0008915297 /char1 0.7337271 0.7385702 0.7432498 /char2 0.181 0.181 0.181 /drops_2 0 0 0 /tube 0.77 0.77 0.77 /drops_3 0 0 0
16	/_samplerate 60 /drops_1 0 0 /energy 1.356438e-05 0.0005060271 /char1 0.7477627 0.7521058 /char2 0.181 0.181 /drops_2 0 0 /tube 0.77 0.77 /drops_3 0 0
20	/_samplerate 60 /drops_1 0 0 0 /energy 0.002367568 0.005593085 0.01017374 /char1 0.7562761 0.7602707 0.764087 /char2 0.181 0.181 0.181 /drops_2 0 0 0 /tube 0.77 0.77 0.77 /drops_3 0 0 0
22	/_samplerate 60 /drops_1 0 0 0 0 /energy 0.01609697 0.02334655 0.0319026 0.04174167 /char1 0.7677223 0.7711741 0.7744401 0.7775179 /char2 0.181 0.181 0.181 0.181 /drops_2 0 0 0 0 /tube 0.77 0.77 0.77 0.77 /drops_3 0 0 0 0
25	/_samplerate 60 /drops_1 0 0 /energy 0.05283679 0.06515756 /char1 0.7804056 0.7831011 /char2 0.181 0.181 /drops_2 0 0 /tube 0.77 0.77 /drops_3 0 0
27	/_samplerate 60 /drops_1 0 0 0 /energy 0.07867021 0.09333768 0.1091198 /char1 0.7856026 0.7879083 0.7900167 /char2 0.181 0.181 0.181 /drops_2 0 0 0 /tube 0.77 0.77 0.77 /drops_3 0 0 0
30	/_samplerate 60 /drops_1 0 0 /energy 0.1259733 0.143852 /char1 0.7919264 0.793636 /char2 0.181 0.181 /drops_2 0 0 /tube 0.77 0.77 /drops_3 0 0
32	/_samplerate 60 /drops_1 0 0 0 /energy 0.1627068 0.1824861 0.2031358 /char1 0.7951443 0.7964504 0.7975532 /char2 0.181 0.181 0.181 /drops_2 0 0 0 /tube 0.77 0.77 0.77 /drops_3 0 0 0
35	/_samplerate 60 /drops_1 0 0 /energy 0.2245991 0.2468172 /char1 0.7984522 0.7991467 /char2 0.181 0.181 /drops_2 0 0 /tube 0.77 0.77 /drops_3 0 0
38	/_samplerate 60 /drops_1 0 0 0 /energy 0.2697294 0.2932726 0.3173825 /char1 0.7996361 0.7999201 0.7999986 /char2 0.181 0.181 0.181 /drops_2 0 0 0 /tube 0.77 0.77 0.77 /drops_3 0 0 0
41	/_samplerate 60 /drops_1 0 0 0 /energy 0.341993 0.3670365 0.3924445 /char1 0.7998714 0.7995389 0.7990009 /char2 0.181 0.181 0.181 /drops_2 0 0 0 /tube 0.77 0.77 0.77 /drops_3 0 0 0
43	/_samplerate 60 /drops_1 0 0 0 /energy 0.4181473 0.4440744 0.4701548 /char1 0.7982581 0.7973108 0.7961598 /char2 0.181 0.181 0.181 /drops_2 0 0 0 /tube 0.77 0.77 0.77 /drops_3 0 0 0
46	/_samplerate 60 /drops_1 0 0 /energy 0.496317 0.5224894 /char1 0.7948058 0.7932498 /char2 0.181 0.181 /drops_2 0 0 /tube 0.77 0.77 /drops_3 0 0
49	/_samplerate 60 /drops_1 0 0 0 /energy 0.5486 0.5745775 0.6003506 /char1 0.7914928 0.789536 0.7873808 /char2 0.181 0.181 0.181 /drops_2 0 0 0 /tube 0.77 0.77 0.77 /drops_3 0 0 0
51	/_samplerate 60 /drops_1 0 0 0 /energy 0.6258485 0.6510016 0.6757408 /char1 0.7850286 0.7824811 0.77974 /char2 0.181 0.181 0.181 /drops_2 0 0 0 /tube 0.77 0.77 0.77 /drops_3 0 0 0
54	/_samplerate 60 /drops_1 0 0 /energy 0.6999983 0.7237076 /char1 0.7768072 0.7736846 /char2 0.181 0.181 /drops_2 0 0 /tube 0.77 0.77 /drops_3 0 0
56	/_samplerate 60 /drops_1 0 0 0 /energy 0.7468037 0.7692233 0.7909051 /char1 0.7703745 0.7668791 0.7632008 /char2 0.181 0.181 0.181 /drops_2 0 0 0 /tube 0.77 0.77 0.77 /drops_3 0 0 0
59	/_samplerate 60 /drops_1 0 0 /energy 0.8117895 0.8318192 /char1 0.7593421 0.7553056 /char2 0.181 0.181 /drops_2 0 0 /tube 0.77 0.77 /drops_3 0 0
62	/_samplerate 60 /drops_1 0 0 0 /energy 0.8509396 0.8690979 0.8862447 /char1 0.7510942 0.7467107 0.7421581 /char2 0.181 0.181 0.181 /drops_2 0 0 0 /tube 0.77 0.77 0.77 /drops_3 0 0 0
65	/_samplerate 60 /drops_1 0 0 0 /energy 0.9023327 0.917318 0.9311595 /char1 0.7374395 0.7325583 0.7275176 /char2 0.181 0.181 0.181 /drops_2 0 0 0 /tube 0.77 0.77 0.77 /drops_3 0 0 0
67	/_samplerate 60 /drops_1 0 0 0 /energy 0.9438192 0.9552624 0.9654577 /char1 0.722321 0.7169721 0.7114744 /char2 0.181 0.181 0.181 /drops_2 0 0 0 /tube 0.77 0.77 0.77 /drops_3 0 0 0
70	/_samplerate 60 /drops_1 0 0 /energy 0.9743773 0.9819966 /char1 0.7058318 0.7000481 /char2 0.181 0.181 /drops_2 0 0 /tube 0.77 0.77 /drops_3 0 0
72	/_samplerate 60 /drops_1 0 0 0 /energy 0.9882948 0.9932546 0.9968625 /char1 0.6941273 0.6880735 0.6818908 /char2 0.181 0.181 0.181 /drops_2 0 0 0 /tube 0.77 0.77 0.77 /drops_3 0 0 0
75	/_samplerate 60 /drops_1 0 0 /energy 0.9991085 0.9999864 /char1 0.6755834 0.6691557 /char2 0.181 0.181 /drops_2 0 0 /tube 0.77 0.77 /drops_3 0 0
78	/_samplerate 60 /drops_1 0 0 0 /energy 0.999494 0.9976324 0.9944069 /char1 0.6626121 0.655957 0.6491951 /char2 0.181 0.181 0.181 /drops_2 0 0 0 /tube 0.77 0.77 0.77 /drops_3 0 0 0
80	/_samplerate 60 /drops_1 0 0 0 /energy 0.9898263 0.9839031 0.9766535 /char1 0.6423308 0.6353691 0.6283146 /char2 0.181 0.181 0.181 /drops_2 0 0 0 /tube 0.77 0.77 0.77 /drops_3 0 0 0
83	/_samplerate 60 /drops_1 0 0 /energy 0.9680974 0.9582583 /char1 0.6211721 0.6139465 /char2 0.181 0.181 /drops_2 0 0 /tube 0.77 0.77 /drops_3 0 0
86	/_samplerate 60 /drops_1 0 0 0 /energy 0.9471632 0.9348424 0.9213298 /char1 0.6066429 0.5992662 0.5918214 /char2 0.181 0.181 0.181 /drops_2 0 0 0 /tube 0.77 0.77 0.77 /drops_3 0 0 0
88	/_samplerate 60 /drops_1 0 0 0 /energy 0.9066623 0.8908802 0.8740267 /char1 0.5843138 0.5767483 0.5691303 /char2 0.181 0.181 0.181 /drops_2 0 0 0 /tube 0.77 0.77 0.77 /drops_3 0 0 0
91	/_samplerate 60 /drops_1 0 0 /energy 0.8561481 0.8372932 /char1 0.5614648 0.5537573 /char2 0.181 0.181 /drops_2 0 0 /tube 0.77 0.77 /drops_3 0 0
94	/_samplerate 60 /drops_1 0 0 0 /energy 0.8175139 0.7968642 0.7754009 /char1 0.5460129 0.538237 0.5304348 /char2 0.181 0.181 0.181 /drops_2 0 0 0 /tube 0.77 0.77 0.77 /drops_3 0 0 0
96	/_samplerate 60 /drops_1 0 0 0 /energy 0.7531828 0.7302706 0.7067274 /char1 0.5226118 0.5147733 0.5069247 /char2 0.181 0.181 0.181 /drops_2 0 0 0 /tube 0.77 0.77 0.77 /drops_3 0 0 0
99	/_samplerate 60 /drops_1 0 0 /energy 0.6826174 0.658007 /char1 0.4990714 0.4912186 /char2 0.181 0.181 /drops_2 0 0 /tube 0.77 0.77 /drops_3 0 0
102	/_samplerate 60 /drops_1 0 0 0 /energy 0.6329635 0.6075555 0.5818527 /char1 0.4833719 0.4755366 0.467718 /char2 0.181 0.181 0.181 /drops_2 0 0 0 /tube 0.77 0.77 0.77 /drops_3 0 0 0
104	/_samplerate 60 /drops_1 0 0 0 /energy 0.5559256 0.5298452 0.503683 /char1 0.4599216 0.4521527 0.4444165 /char2 0.181 0.181 0.181 /drops_2 0 0 0 /tube 0.77 0.77 0.77 /drops_3 0 0 0
107	/_samplerate 60 /drops_1 0 0 /energy 0.4775106 0.4514 /char1 0.4367184 0.4290637 /char2 0.181 0.181 /drops_2 0 0 /tube 0.77 0.77 /drops_3 0 0
110	/_samplerate 60 /drops_1 0 0 0 /energy 0.4254225 0.3996494 0.3741515 /char1 0.4214576 0.4139054 0.4064122 /char2 0.181 0.181 0.181 /drops_2 0 0 0 /tube 0.77 0.77 0.77 /drops_3 0 0 0
112	/_samplerate 60 /drops_1 0 0 0 /energy 0.3489984 0.3242592 0.3000017 /char1 0.398983 0.3916231 0.3843375 /char2 0.181 0.181 0.181 /drops_2 0 0 0 /tube 0.77 0.77 0.77 /drops_3 0 0 0
115	/_samplerate 60 /drops_1 0 0 /energy 0.2762924 0.2531963 /char1 0.3771312 0.3700091 /char2 0.181 0.181 /drops_2 0 0 /tube 0.77 0.77 /drops_3 0 0
118	/_samplerate 60 /drops_1 0 0 0 /energy 0.2307767 0.2090949 0.1882105 /char1 0.3629761 0.3560369 0.3491965 /char2 0.181 0.181 0.181 /drops_2 0 0 0 /tube 0.77 0.77 0.77 /drops_3 0 0 0
121	/_samplerate 60 /drops_1 0 0 0 /energy 0.1681807 0.1490604 0.1309021 /char1 0.3424594 0.3358302 0.3293136 /char2 0.181 0.181 0.181 /drops_2 0 0 0 /tube 0.77 0.77 0.77 /drops_3 0 0 0
123	/_samplerate 60 /drops_1 0 0 0 /energy 0.1137553 0.09766727 0.08268198 /char1 0.322914 0.3166357 0.3104831 /char2 0.181 0.181 0.181 /drops_2 0 0 0 /tube 0.77 0.77 0.77 /drops_3 0 0 0
126	/_samplerate 60 /drops_1 0 0 /energy 0.06884053 0.05618085 /char1 0.3044603 0.2985716 /char2 0.181 0.181 /drops_2 0 0 /tube 0.77 0.77 /drops_3 0 0
129	/_samplerate 60 /drops_1 0 0 0 /energy 0.04473766 0.0345423 0.02562274 /char1 0.292821 0.2872123 0.2817495 /char2 0.181 0.181 0.181 /drops_2 0 0 0 /tube 0.77 0.77 0.77 /drops_3 0 0 0
131	/_samplerate 60 /drops_1 0 0 0 /energy 0.01800341 0.0117052 0.006745369 /char1 0.2764362 0.2712762 0.2662729 /char2 0.181 0.181 0.181 /drops_2 0 0 0 /tube 0.77 0.77 0.77 /drops_3 0 0 0
134	/_samplerate 60 /drops_1 0 0 /energy 0.003137517 0.0008915297 /char1 0.2614298 0.2567502 /char2 0.181 0.181 /drops_2 0 0 /tube 0.77 0.77 /drops_3 0 0
137	/_samplerate 60 /drops_1 0 0 0 /energy 1.356438e-05 0.0005060271 0.002367568 /char1 0.2522373 0.2478942 0.2437239 /char2 0.181 0.181 0.181 /drops_2 0 0 0 /tube 0.77 0.77 0.77 /drops_3 0 0 0
140	/_samplerate 60 /drops_1 0 0 0 /energy 0.005593085 0.01017374 0.01609697 /char1 0.2397293 0.235913 0.2322777 /char2 0.181 0.181 0.181 /drops_2 0 0 0 /tube 0.77 0.77 0.77 /drops_3 0 0 0
142	/_samplerate 60 /drops_1 0 0 0 /energy 0.02334655 0.0319026 0.04174167 /char1 0.2288259 0.2255599 0.2224821 /char2 0.181 0.181 0.181 /drops_2 0 0 0 /tube 0.77 0.77 0.77 /drops_3 0 0 0
145	/_samplerate 60 /drops_1 0 0 /energy 0.05283679 0.06515756 /char1 0.2195944 0.2168989 /char2 0.181 0.181 /drops_2 0 0 /tube 0.77 0.77 /drops_3 0 0
148	/_samplerate 60 /drops_1 0 0 0 /energy 0.07867021 0.09333768 0.1091198 /char1 0.2143974 0.2120917 0.2099833 /char2 0.181 0.181 0.181 /drops_2 0 0 0 /tube 0.77 0.77 0.77 /drops_3 0 0 0
150	/_samplerate 60 /drops_1 0 0 0 /energy 0.1259733 0.143852 0.1627068 /char1 0.2080736 0.206364 0.2048557 /char2 0.181 0.181 0.181 /drops_2 0 0 0 /tube 0.77 0.77 0.77 /drops_3 0 0 0
153	/_samplerate 60 /drops_1 0 0 /energy 0.1824861 0.2031358 /char1 0.2035496 0.2024467 /char2 0.181 0.181 /drops_2 0 0 /tube 0.77 0.77 /drops_3 0 0
156	/_samplerate 60 /drops_1 0 0 0 /energy 0.2245991 0.2468172 0.2697294 /char1 0.2015478 0.2008534 0.200364 /char2 0.181 0.181 0.181 /drops_2 0 0 0 /tube 0.77 0.77 0.77 /drops_3 0 0 0
159	/_samplerate 60 /drops_1 0 0 0 /energy 0.2932726 0.3173825 0.341993 /char1 0.2000799 0.2000014 0.2001285 /char2 0.181 0.181 0.181 /drops_2 0 0 0 /tube 0.77 0.77 0.77 /drops_3 0 0 0
161	/_samplerate 60 /drops_1 0 0 0 /energy 0.3670365 0.3924445 0.4181473 /char1 0.2004612 0.2009991 0.2017419 /char2 0.181 0.181 0.181 /drops_2 0 0 0 /tube 0.77 0.77 0.77 /drops_3 0 0 0
164	/_samplerate 60 /drops_1 0 0 /energy 0.4440744 0.4701548 /char1 0.2026892 0.2038402 /char2 0.181 0.181 /drops_2 0 0 /tube 0.77 0.77 /drops_3 0 0
167	/_samplerate 60 /drops_1 0 0 0 /energy 0.496317 0.5224894 0.5486 /char1 0.2051942 0.2067502 0.2085072 /char2 0.181 0.181 0.181 /drops_2 0 0 0 /tube 0.77 0.77 0.77 /drops_3 0 0 0
170	/_samplerate 60 /drops_1 0 0 0 /energy 0.5745775 0.6003506 0.6258485 /char1 0.210464 0.2126192 0.2149714 /char2 0.181 0.181 0.181 /drops_2 0 0 0 /tube 0.77 0.77 0.77 /drops_3 0 0 0
172	/_samplerate 60 /drops_1 0 0 0 /energy 0.6510016 0.6757408 0.6999983 /char1 0.2175189 0.22026 0.2231928 /char2 0.181 0.181 0.181 /drops_2 0 0 0 /tube 0.77 0.77 0.77 /drops_3 0 0 0
175	/_samplerate 60 /drops_1 0 0 /energy 0.7237076 0.7468037 /char1 0.2263154 0.2296255 /char2 0.181 0.181 /drops_2 0 0 /tube 0.77 0.77 /drops_3 0 0
178	/_samplerate 60 /drops_1 0 0 0 /energy 0.7692233 0.7909051 0.8117895 /char1 0.2331209 0.2367992 0.2406579 /char2 0.181 0.181 0.181 /drops_2 0 0 0 /tube 0.77 0.77 0.77 /drops_3 0 0 0
180	/_samplerate 60 /drops_1 0 0 0 /energy 0.8318192 0.8509396 0.8690979 /char1 0.2446944 0.2489058 0.2532893 /char2 0.181 0.181 0.181 /drops_2 0 0 0 /tube 0.77 0.77 0.77 /drops_3 0 0 0
183	/_samplerate 60 /drops_1 0 0 /energy 0.8862447 0.9023327 /char1 0.2578419 0.2625605 /char2 0.181 0.181 /drops_2 0 0 /tube 0.77 0.77 /drops_3 0 0
186	/_samplerate 60 /drops_1 0 0 0 /energy 0.917318 0.9311595 0.9438192 /char1 0.2674417 0.2724824 0.277679 /char2 0.181 0.181 0.181 /drops_2 0 0 0 /tube 0.77 0.77 0.77 /drops_3 0 0 0
189	/_samplerate 60 /drops_1 0 0 0 /energy 0.9552624 0.9654577 0.9743773 /char1 0.283028 0.2885256 0.2941682 /char2 0.181 0.181 0.181 /drops_2 0 0 0 /tube 0.77 0.77 0.77 /drops_3 0 0 0
191	/_samplerate 60 /drops_1 0 0 0 /energy 0.9819966 0.9882948 0.9932546 /char1 0.2999519 0.3058727 0.3119265 /char2 0.181 0.181 0.181 /drops_2 0 0 0 /tube 0.77 0.77 0.77 /drops_3 0 0 0
194	/_samplerate 60 /drops_1 0 0 /energy 0.9968625 0.9991085 /char1 0.3181092 0.3244165 /char2 0.181 0.181 /drops_2 0 0 /tube 0.77 0.77 /drops_3 0 0
197	/_samplerate 60 /drops_1 0 0 0 /energy 0.9999864 0.999494 0.9976324 /char1 0.3308443 0.3373879 0.344043 /char2 0.181 0.181 0.181 /drops_2 0 0 0 /tube 0.77 0.77 0.77 /drops_3 0 0 0
200	/_samplerate 60 /drops_1 0 0 0 /energy 0.9944069 0.9898263 0.9839031 /char1 0.350805 0.3576692 0.3646309 /char2 0.181 0.181 0.181 /drops_2 0 0 0 /tube 0.77 0.77 0.77 /drops_3 0 0 0
202	/_samplerate 60 /drops_1 0 0 0 /energy 0.9766535 0.9680974 0.9582583 /char1 0.3716855 0.378828 0.3860535 /char2 0.181 0.181 0.181 /drops_2 0 0 0 /tube 0.77 0.77 0.77 /drops_3 0 0 0
205	/_samplerate 60 /drops_1 0 0 /energy 0.9471632 0.9348424 /char1 0.3933571 0.4007338 /char2 0.181 0.181 /drops_2 0 0 /tube 0.77 0.77 /drops_3 0 0
208	/_samplerate 60 /drops_1 0 0 0 /energy 0.9213298 0.9066623 0.8908802 /char1 0.4081785 0.4156862 0.4232517 /char2 0.181 0.181 0.181 /drops_2 0 0 0 /tube 0.77 0.77 0.77 /drops_3 0 0 0
211	/_samplerate 60 /drops_1 0 0 0 /energy 0.8740267 0.8561481 0.8372932 /char1 0.4308697 0.4385352 0.4462427 /char2 0.181 0.181 0.181 /drops_2 0 0 0 /tube 0.77 0.77 0.77 /drops_3 0 0 0
213	/_samplerate 60 /drops_1 0 0 0 /energy 0.8175139 0.7968642 0.7754009 /char1 0.4539871 0.461763 0.4695652 /char2 0.181 0.181 0.181 /drops_2 0 0 0 /tube 0.77 0.77 0.77 /drops_3 0 0 0
216	/_samplerate 60 /drops_1 0 0 /energy 0.7531828 0.7302706 /char1 0.4773882 0.4852267 /char2 0.181 0.181 /drops_2 0 0 /tube 0.77 0.77 /drops_3 0 0
219	/_samplerate 60 /drops_1 0 0 0 /energy 0.7067274 0.6826174 0.658007 /char1 0.4930753 0.5009286 0.5087814 /char2 0.181 0.181 0.181 /drops_2 0 0 0 /tube 0.77 0.77 0.77 /drops_3 0 0 0
221	/_samplerate 60 /drops_1 0 0 0 /energy 0.6329635 0.6075555 0.5818527 /char1 0.5166281 0.5244634 0.5322819 /char2 0.181 0.181 0.181 /drops_2 0 0 0 /tube 0.77 0.77 0.77 /drops_3 0 0 0
224	/_samplerate 60 /drops_1 0 0 /energy 0.5559256 0.5298452 /char1 0.5400784 0.5478473 /char2 0.181 0.181 /drops_2 0 0 /tube 0.77 0.77 /drops_3 0 0
227	/_samplerate 60 /drops_1 0 0 0 /energy 0.503683 0.4775106 0.4514 /char1 0.5555835 0.5632816 0.5709363 /char2 0.181 0.181 0.181 /drops_2 0 0 0 /tube 0.77 0.77 0.77 /drops_3 0 0 0
230	/_samplerate 60 /drops_1 0 0 0 /energy 0.4254225 0.3996494 0.3741515 /char1 0.5785424 0.5860946 0.5935879 /char2 0.181 0.181 0.181 /drops_2 0 0 0 /tube 0.77 0.77 0.77 /drops_3 0 0 0
232	/_samplerate 60 /drops_1 0 0 0 /energy 0.3489984 0.3242592 0.3000017 /char1 0.601017 0.6083769 0.6156625 /char2 0.181 0.181 0.181 /drops_2 0 0 0 /tube 0.77 0.77 0.77 /drops_3 0 0 0
235	/_samplerate 60 /drops_1 0 0 /energy 0.2762924 0.2531963 /char1 0.6228688 0.6299909 /char2 0.181 0.181 /drops_2 0 0 /tube 0.77 0.77 /drops_3 0 0
238	/_samplerate 60 /drops_1 0 0 0 /energy 0.2307767 0.2090949 0.1882105 /char1 0.6370239 0.643963 0.6508035 /char2 0.181 0.181 0.181 /drops_2 0 0 0 /tube 0.77 0.77 0.77 /drops_3 0 0 0
241	/_samplerate 60 /drops_1 0 0 0 /energy 0.1681807 0.1490604 0.1309021 /char1 0.6575406 0.6641698 0.6706864 /char2 0.181 0.181 0.181 /drops_2 0 0 0 /tube 0.77 0.77 0.77 /drops_3 0 0 0
244	/_samplerate 60 /drops_1 0 0 0 /energy 0.1137553 0.09766727 0.08268198 /char1 0.6770861 0.6833643 0.6895169 /char2 0.181 0.181 0.181 /drops_2 0 0 0 /tube 0.77 0.77 0.77 /drops_3 0 0 0
246	/_samplerate 60 /drops_1 0 0 0 /energy 0.06884053 0.05618085 0.04473766 /char1 0.6955397 0.7014284 0.707179 /char2 0.181 0.181 0.181 /drops_2 0 0 0 /tube 0.77 0.77 0.77 /drops_3 0 0 0
249	/_samplerate 60 /drops_1 0 0 /energy 0.0345423 0.02562274 /char1 0.7127877 0.7182505 /char2 0.181 0.181 /drops_2 0 0 /tube 0.77 0.77 /drops_3 0 0
252	/_samplerate 60 /drops_1 0 0 0 /energy 0.01800341 0.0117052 0.006745369 /char1 0.7235638 0.7287238 0.7337271 /char2 0.181 0.181 0.181 /drops_2 0 0 0 /tube 0.77 0.77 0.77 /drops_3 0 0 0
255	/_samplerate 60 /drops_1 0 0 0 /energy 0.003137517 0.0008915297 1.356438e-05 /char1 0.7385702 0.7432498 0.7477627 /char2 0.181 0.181 0.181 /drops_2 0 0 0 /tube 0.77 0.77 0.77 /drops_3 0 0 0
258	/_samplerate 60 /drops_1 0 0 0 /energy 0.0005060271 0.002367568 0.005593085 /char1 0.7521058 0.7562761 0.7602707 /char2 0.181 0.181 0.181 /drops_2 0 0 0 /tube 0.77 0.77 0.77 /drops_3 0 0 0
260	/_samplerate 60 /drops_1 0 0 0 /energy 0.01017374 0.01609697 0.02334655 /char1 0.764087 0.7677223 0.7711741 /char2 0.181 0.181 0.181 /drops_2 0 0 0 /tube 0.77 0.77 0.77 /drops_3 0 0 0
263	/_samplerate 60 /drops_1 0 0 /energy 0.0319026 0.04174167 /char1 0.7744401 0.7775179 /char2 0.181 0.181 /drops_2 0 0 /tube 0.77 0.77 /drops_3 0 0
266	/_samplerate 60 /drops_1 0 0 0 /energy 0.05283679 0.06515756 0.07867021 /char1 0.7804056 0.7831011 0.7856026 /char2 0.181 0.181 0.181 /drops_2 0 0 0 /tube 0.77 0.77 0.77 /drops_3 0 0 0
269	/_samplerate 60 /drops_1 0 0 0 /energy 0.09333768 0.1091198 0.1259733 /char1 0.7879083 0.7900167 0.7919264 /char2 0.181 0.181 0.181 /drops_2 0 0 0 /tube 0.77 0.77 0.77 /drops_3 0 0 0
271	/_samplerate 60 /drops_1 0 0 0 /energy 0.143852 0.1627068 0.1824861 /char1 0.793636 0.7951443 0.7964504 /char2 0.181 0.181 0.181 /drops_2 0 0 0 /tube 0.77 0.77 0.77 /drops_3 0 0 0
274	/_samplerate 60 /drops_1 0 0 /energy 0.2031358 0.2245991 /char1 0.7975532 0.7984522 /char2 0.181 0.181 /drops_2 0 0 /tube 0.77 0.77 /drops_3 0 0
277	/_samplerate 60 /drops_1 0 0 0 /energy 0.2468172 0.2697294 0.2932726 /char1 0.7991467 0.7996361 0.7999201 /char2 0.181 0.181 0.181 /drops_2 0 0 0 /tube 0.77 0.77 0.77 /drops_3 0 0 0
280	/_samplerate 60 /drops_1 0 0 0 /energy 0.3173825 0.341993 0.3670365 /char1 0.7999986 0.7998714 0.7995389 /char2 0.181 0.181 0.181 /drops_2 0 0 0 /tube 0.77 0.77 0.77 /drops_3 0 0 0
282	/_samplerate 60 /drops_1 0 0 0 /energy 0.3924445 0.4181473 0.4440744 /char1 0.7990009 0.7982581 0.7973108 /char2 0.181 0.181 0.181 /drops_2 0 0 0 /tube 0.77 0.77 0.77 /drops_3 0 0 0
285	/_samplerate 60 /drops_1 0 0 /energy 0.4701548 0.496317 /char1 0.7961598 0.7948058 /char2 0.181 0.181 /drops_2 0 0 /tube 0.77 0.77 /drops_3 0 0
288	/_samplerate 60 /drops_1 0 0 0 /energy 0.5224894 0.5486 0.5745775 /char1 0.7932498 0.7914928 0.789536 /char2 0.181 0.181 0.181 /drops_2 0 0 0 /tube 0.77 0.77 0.77 /drops_3 0 0 0
291	/_samplerate 60 /drops_1 0 0 0 /energy 0.6003506 0.6258485 0.6510016 /char1 0.7873808 0.7850286 0.7824811 /char2 0.181 0.181 0.181 /drops_2 0 0 0 /tube 0.77 0.77 0.77 /drops_3 0 0 0
293	/_samplerate 60 /drops_1 0 0 0 /energy 0.6757408 0.6999983 0.7237076 /char1 0.77974 0.7768072 0.7736846 /char2 0.181 0.181 0.181 /drops_2 0 0 0 /tube 0.77 0.77 0.77 /drops_3 0 0 0
296	/_samplerate 60 /drops_1 0 0 /energy 0.7468037 0.7692233 /char1 0.7703745 0.7668791 /char2 0.181 0.181 /drops_2 0 0 /tube 0.77 0.77 /drops_3 0 0
299	/_samplerate 60 /drops_1 0 0 0 /energy 0.7909051 0.8117895 0.8318192 /char1 0.7632008 0.7593421 0.7553056 /char2 0.181 0.181 0.181 /drops_2 0 0 0 /tube 0.77 0.77 0.77 /drops_3 0 0 0
301	/_samplerate 60 /drops_1 0 0 0 /energy 0.8509396 0.8690979 0.8862447 /char1 0.7510942 0.7467107 0.7421581 /char2 0.181 0.181 0.181 /drops_2 0 0 0 /tube 0.77 0.77 0.77 /drops_3 0 0 0
304	/_samplerate 60 /drops_1 0 0 /energy 0.9023327 0.917318 /char1 0.7374395 0.7325583 /char2 0.181 0.181 /drops_2 0 0 /tube 0.77 0.77 /drops_3 0 0
307	/_samplerate 60 /drops_1 0 0 0 /energy 0.9311595 0.9438192 0.9552624 /char1 0.7275176 0.722321 0.7169721 /char2 0.181 0.181 0.181 /drops_2 0 0 0 /tube 0.77 0.77 0.77 /drops_3 0 0 0
310	/_samplerate 60 /drops_1 0 0 0 /energy 0.9654577 0.9743773 0.9819966 /char1 0.7114744 0.7058318 0.7000481 /char2 0.181 0.181 0.181 /drops_2 0 0 0 /tube 0.77 0.77 0.77 /drops_3 0 0 0
312	/_samplerate 60 /drops_1 0 0 0 /energy 0.9882948 0.9932546 0.9968625 /char1 0.6941273 0.6880735 0.6818908 /char2 0.181 0.181 0.181 /drops_2 0 0 0 /tube 0.77 0.77 0.77 /drops_3 0 0 0
315	/_samplerate 60 /drops_1 0 0 /energy 0.9991085 0.9999864 /char1 0.6755834 0.6691557 /char2 0.181 0.181 /drops_2 0 0 /tube 0.77 0.77 /drops_3 0 0
318	/_samplerate 60 /drops_1 0 0 0 /energy 0.999494 0.9976324 0.9944069 /char1 0.6626121 0.655957 0.6491951 /char2 0.181 0.181 0.181 /drops_2 0 0 0 /tube 0.77 0.77 0.77 /drops_3 0 0 0
321	/_samplerate 60 /drops_1 0 0 0 /energy 0.9898263 0.9839031 0.9766535 /char1 0.6423308 0.6353691 0.6283146 /char2 0.181 0.181 0.181 /drops_2 0 0 0 /tube 0.77 0.77 0.77 /drops_3 0 0 0
324	/_samplerate 60 /drops_1 0 0 0 /energy 0.9680974 0.9582583 0.9471632 /char1 0.6211721 0.6139465 0.6066429 /char2 0.181 0.181 0.181 /drops_2 0 0 0 /tube 0.77 0.77 0.77 /drops_3 0 0 0
327	/_samplerate 60 /drops_1 0 0 0 /energy 0.9348424 0.9213298 0.9066623 /char1 0.5992662 0.5918214 0.5843138 /char2 0.181 0.181 0.181 /drops_2 0 0 0 /tube 0.77 0.77 0.77 /drops_3 0 0 0
330	/_samplerate 60 /drops_1 0 0 0 /energy 0.8908802 0.8740267 0.8561481 /char1 0.5767483 0.5691303 0.5614648 /char2 0.181 0.181 0.181 /drops_2 0 0 0 /tube 0.77 0.77 0.77 /drops_3 0 0 0
332	/_samplerate 60 /drops_1 0 0 0 /energy 0.8372932 0.8175139 0.7968642 /char1 0.5537573 0.5460129 0.538237 /char2 0.181 0.181 0.181 /drops_2 0 0 0 /tube 0.77 0.77 0.77 /drops_3 0 0 0
335	/_samplerate 60 /drops_1 0 0 /energy 0.7754009 0.7531828 /char1 0.5304348 0.5226118 /char2 0.181 0.181 /drops_2 0 0 /tube 0.77 0.77 /drops_3 0 0
338	/_samplerate 60 /drops_1 0 0 0 /energy 0.7302706 0.7067274 0.6826174 /char1 0.5147733 0.5069247 0.4990714 /char2 0.181 0.181 0.181 /drops_2 0 0 0 /tube 0.77 0.77 0.77 /drops_3 0 0 0
341	/_samplerate 60 /drops_1 0 0 0 /energy 0.658007 0.6329635 0.6075555 /char1 0.4912186 0.4833719 0.4755366 /char2 0.181 0.181 0.181 /drops_2 0 0 0 /tube 0.77 0.77 0.77 /drops_3 0 0 0
343	/_samplerate 60 /drops_1 0 0 0 /energy 0.5818527 0.5559256 0.5298452 /char1 0.467718 0.4599216 0.4521527 /char2 0.181 0.181 0.181 /drops_2 0 0 0 /tube 0.77 0.77 0.77 /drops_3 0 0 0
346	/_samplerate 60 /drops_1 0 0 /energy 0.503683 0.4775106 /char1 0.4444165 0.4367184 /char2 0.181 0.181 /drops_2 0 0 /tube 0.77 0.77 /drops_3 0 0
349	/_samplerate 60 /drops_1 0 0 0 /energy 0.4514 0.4254225 0.3996494 /char1 0.4290637 0.4214576 0.4139054 /char2 0.181 0.181 0.181 /drops_2 0 0 0 /tube 0.77 0.77 0.77 /drops_3 0 0 0
351	/_samplerate 60 /drops_1 0 0 0 /energy 0.3741515 0.3489984 0.3242592 /char1 0.4064122 0.398983 0.3916231 /char2 0.181 0.181 0.181 /drops_2 0 0 0 /tube 0.77 0.77 0.77 /drops_3 0 0 0
354	/_samplerate 60 /drops_1 0 0 /energy 0.3000017 0.2762924 /char1 0.3843375 0.3771312 /char2 0.181 0.181 /drops_2 0 0 /tube 0.77 0.77 /drops_3 0 0
357	/_samplerate 60 /drops_1 0 0 0 /energy 0.2531963 0.2307767 0.2090949 /char1 0.3700091 0.3629761 0.3560369 /char2 0.181 0.181 0.181 /drops_2 0 0 0 /tube 0.77 0.77 0.77 /drops_3 0 0 0
360	/_samplerate 60 /drops_1 0 0 0 /energy 0.1882105 0.1681807 0.1490604 /char1 0.3491965 0.3424594 0.3358302 /char2 0.181 0.181 0.181 /drops_2 0 0 0 /tube 0.77 0.77 0.77 /drops_3 0 0 0
362	/_samplerate 60 /drops_1 0 0 0 /energy 0.1309021 0.1137553 0.09766727 /char1 0.3293136 0.322914 0.3166357 /char2 0.181 0.181 0.181 /drops_2 0 0 0 /tube 0.77 0.77 0.77 /drops_3 0 0 0
365	/_samplerate 60 /drops_1 0 0 /energy 0.08268198 0.06884053 /char1 0.3104831 0.3044603 /char2 0.181 0.181 /drops_2 0 0 /tube 0.77 0.77 /drops_3 0 0
368	/_samplerate 60 /drops_1 0 0 0 /energy 0.05618085 0.04473766 0.0345423 /char1 0.2985716 0.292821 0.2872123 /char2 0.181 0.181 0.181 /drops_2 0 0 0 /tube 0.77 0.77 0.77 /drops_3 0 0 0
370	/_samplerate 60 /drops_1 0 0 0 /energy 0.02562274 0.01800341 0.0117052 /char1 0.2817495 0.2764362 0.2712762 /char2 0.181 0.181 0.181 /drops_2 0 0 0 /tube 0.77 0.77 0.77 /drops_3 0 0 0
373	/_samplerate 60 /drops_1 0 0 /energy 0.006745369 0.003137517 /char1 0.2662729 0.2614298 /char2 0.181 0.181 /drops_2 0 0 /tube 0.77 0.77 /drops_3 0 0
376	/_samplerate 60 /drops_1 0 0 0 /energy 0.0008915297 1.356438e-05 0.0005060271 /char1 0.2567502 0.2522373 0.2478942 /char2 0.181 0.181 0.181 /drops_2 0 0 0 /tube 0.77 0.77 0.77 /drops_3 0 0 0
378	/_samplerate 60 /drops_1 0 0 0 /energy 0.002367568 0.005593085 0.01017374 /char1 0.2437239 0.2397293 0.235913 /char2 0.181 0.181 0.181 /drops_2 0 0 0 /tube 0.77 0.77 0.77 /drops_3 0 0 0
381	/_samplerate 60 /drops_1 0 0 /energy 0.01609697 0.02334655 /char1 0.2322777 0.2288259 /char2 0.181 0.181 /drops_2 0 0 /tube 0.77 0.77 /drops_3 0 0
384	/_samplerate 60 /drops_1 0 0 0 /energy 0.0319026 0.04174167 0.05283679 /char1 0.2255599 0.2224821 0.2195944 /char2 0.181 0.181 0.181 /drops_2 0 0 0 /tube 0.77 0.77 0.77 /drops_3 0 0 0
386	/_samplerate 60 /drops_1 0 0 0 /energy 0.06515756 0.07867021 0.09333768 /char1 0.2168989 0.2143974 0.2120917 /char2 0.181 0.181 0.181 /drops_2 0 0 0 /tube 0.77 0.77 0.77 /drops_3 0 0 0
389	/_samplerate 60 /drops_1 0 0 /energy 0.1091198 0.1259733 /char1 0.2099833 0.2080736 /char2 0.181 0.181 /drops_2 0 0 /tube 0.77 0.77 /drops_3 0 0
392	/_samplerate 60 /drops_1 0 0 0 /energy 0.143852 0.1627068 0.1824861 /char1 0.206364 0.2048557 0.2035496 /char2 0.181 0.181 0.181 /drops_2 0 0 0 /tube 0.77 0.77 0.77 /drops_3 0 0 0
395	/_samplerate 60 /drops_1 0 0 0 /energy 0.2031358 0.2245991 0.2468172 /char1 0.2024467 0.2015478 0.2008534 /char2 0.181 0.181 0.181 /drops_2 0 0 0 /tube 0.77 0.77 0.77 /drops_3 0 0 0
397	/_samplerate 60 /drops_1 0 0 0 /energy 0.2697294 0.2932726 0.3173825 /char1 0.200364 0.2000799 0.2000014 /char2 0.181 0.181 0.181 /drops_2 0 0 0 /tube 0.77 0.77 0.77 /drops_3 0 0 0
400	/_samplerate 60 /drops_1 0 0 /energy 0.341993 0.3670365 /char1 0.2001285 0.2004612 /char2 0.181 0.181 /drops_2 0 0 /tube 0.77 0.77 /drops_3 0 0
403	/_samplerate 60 /drops_1 0 0 0 /energy 0.3924445 0.4181473 0.4440744 /char1 0.2009991 0.2017419 0.2026892 /char2 0.181 0.181 0.181 /drops_2 0 0 0 /tube 0.77 0.77 0.77 /drops_3 0 0 0
405	/_samplerate 60 /drops_1 0 0 0 /energy 0.4701548 0.496317 0.5224894 /char1 0.2038402 0.2051942 0.2067502 /char2 0.181 0.181 0.181 /drops_2 0 0 0 /tube 0.77 0.77 0.77 /drops_3 0 0 0
408	/_samplerate 60 /drops_1 0 0 /energy 0.5486 0.5745775 /char1 0.2085072 0.210464 /char2 0.181 0.181 /drops_2 0 0 /tube 0.77 0.77 /drops_3 0 0
411	/_samplerate 60 /drops_1 0 0 0 /energy 0.6003506 0.6258485 0.6510016 /char1 0.2126192 0.2149714 0.2175189 /char2 0.181 0.181 0.181 /drops_2 0 0 0 /tube 0.77 0.77 0.77 /drops_3 0 0 0
413	/_samplerate 60 /drops_1 0 0 0 /energy 0.6757408 0.6999983 0.7237076 /char1 0.22026 0.2231928 0.2263154 /char2 0.181 0.181 0.181 /drops_2 0 0 0 /tube 0.77 0.77 0.77 /drops_3 0 0 0
416	/_samplerate 60 /drops_1 0 0 /energy 0.7468037 0.7692233 /char1 0.2296255 0.2331209 /char2 0.181 0.181 /drops_2 0 0 /tube 0.77 0.77 /drops_3 0 0
419	/_samplerate 60 /drops_1 0 0 0 /energy 0.7909051 0.8117895 0.8318192 /char1 0.2367992 0.2406579 0.2446944 /char2 0.181 0.181 0.181 /drops_2 0 0 0 /tube 0.77 0.77 0.77 /drops_3 0 0 0
422	/_samplerate 60 /drops_1 0 0 0 /energy 0.8509396 0.8690979 0.8862447 /char1 0.2489058 0.2532893 0.2578419 /char2 0.181 0.181 0.181 /drops_2 0 0 0 /tube 0.77 0.77 0.77 /drops_3 0 0 0
425	/_samplerate 60 /drops_1 0 0 0 /energy 0.9023327 0.917318 0.9311595 /char1 0.2625605 0.2674417 0.2724824 /char2 0.181 0.181 0.181 /drops_2 0 0 0 /tube 0.77 0.77 0.77 /drops_3 0 0 0
427	/_samplerate 60 /drops_1 0 0 0 /energy 0.9438192 0.9552624 0.9654577 /char1 0.277679 0.283028 0.2885256 /char2 0.181 0.181 0.181 /drops_2 0 0 0 /tube 0.77 0.77 0.77 /drops_3 0 0 0
430	/_samplerate 60 /drops_1 0 0 /energy 0.9743773 0.9819966 /char1 0.2941682 0.2999519 /char2 0.181 0.181 /drops_2 0 0 /tube 0.77 0.77 /drops_3 0 0
433	/_samplerate 60 /drops_1 0 0 0 /energy 0.9882948 0.9932546 0.9968625 /char1 0.3058727 0.3119265 0.3181092 /char2 0.181 0.181 0.181 /drops_2 0 0 0 /tube 0.77 0.77 0.77 /drops_3 0 0 0
435	/_samplerate 60 /drops_1 0 0 0 /energy 0.9991085 0.9999864 0.999494 /char1 0.3244165 0.3308443 0.3373879 /char2 0.181 0.181 0.181 /drops_2 0 0 0 /tube 0.77 0.77 0.77 /drops_3 0 0 0
438	/_samplerate 60 /drops_1 0 0 /energy 0.9976324 0.9944069 /char1 0.344043 0.350805 /char2 0.181 0.181 /drops_2 0 0 /tube 0.77 0.77 /drops_3 0 0
440	/_samplerate 60 /drops_1 0 0 0 /energy 0.9898263 0.9839031 0.9766535 /char1 0.3576692 0.3646309 0.3716855 /char2 0.181 0.181 0.181 /drops_2 0 0 0 /tube 0.77 0.77 0.77 /drops_3 0 0 0
443	/_samplerate 60 /drops_1 0 0 /energy 0.9680974 0.9582583 /char1 0.378828 0.3860535 /char2 0.181 0.181 /drops_2 0 0 /tube 0.77 0.77 /drops_3 0 0
446	/_samplerate 60 /drops_1 0 0 0 /energy 0.9471632 0.9348424 0.9213298 /char1 0.3933571 0.4007338 0.4081785 /char2 0.181 0.181 0.181 /drops_2 0 0 0 /tube 0.77 0.77 0.77 /drops_3 0 0 0
449	/_samplerate 60 /drops_1 0 0 0 /energy 0.9066623 0.8908802 0.8740267 /char1 0.4156862 0.4232517 0.4308697 /char2 0.181 0.181 0.181 /drops_2 0 0 0 /tube 0.77 0.77 0.77 /drops_3 0 0 0
451	/_samplerate 60 /drops_1 0 0 0 /energy 0.8561481 0.8372932 0.8175139 /char1 0.4385352 0.4462427 0.4539871 /char2 0.181 0.181 0.181 /drops_2 0 0 0 /tube 0.77 0.77 0.77 /drops_3 0 0 0
454	/_samplerate 60 /drops_1 0 0 /energy 0.7968642 0.7754009 /char1 0.461763 0.4695652 /char2 0.181 0.181 /drops_2 0 0 /tube 0.77 0.77 /drops_3 0 0
457	/_samplerate 60 /drops_1 0 0 0 /energy 0.7531828 0.7302706 0.7067274 /char1 0.4773882 0.4852267 0.4930753 /char2 0.181 0.181 0.181 /drops_2 0 0 0 /tube 0.77 0.77 0.77 /drops_3 0 0 0
460	/_samplerate 60 /drops_1 0 0 0 /energy 0.6826174 0.658007 0.6329635 /char1 0.5009286 0.5087814 0.5166281 /char2 0.181 0.181 0.181 /drops_2 0 0 0 /tube 0.77 0.77 0.77 /drops_3 0 0 0
462	/_samplerate 60 /drops_1 0 0 0 /energy 0.6075555 0.5818527 0.5559256 /char1 0.5244634 0.5322819 0.5400784 /char2 0.181 0.181 0.181 /drops_2 0 0 0 /tube 0.77 0.77 0.77 /drops_3 0 0 0
465	/_samplerate 60 /drops_1 0 0 /energy 0.5298452 0.503683 /char1 0.5478473 0.5555835 /char2 0.181 0.181 /drops_2 0 0 /tube 0.77 0.77 /drops_3 0 0
468	/_samplerate 60 /drops_1 0 0 0 /energy 0.4775106 0.4514 0.4254225 /char1 0.5632816 0.5709363 0.5785424 /char2 0.181 0.181 0.181 /drops_2 0 0 0 /tube 0.77 0.77 0.77 /drops_3 0 0 0
470	/_samplerate 60 /drops_1 0 0 0 /energy 0.3996494 0.3741515 0.3489984 /char1 0.5860946 0.5935879 0.601017 /char2 0.181 0.181 0.181 /drops_2 0 0 0 /tube 0.77 0.77 0.77 /drops_3 0 0 0
473	/_samplerate 60 /drops_1 0 0 /energy 0.3242592 0.3000017 /char1 0.6083769 0.6156625 /char2 0.181 0.181 /drops_2 0 0 /tube 0.77 0.77 /drops_3 0 0
476	/_samplerate 60 /drops_1 0 0 0 /energy 0.2762924 0.2531963 0.2307767 /char1 0.6228688 0.6299909 0.6370239 /char2 0.181 0.181 0.181 /drops_2 0 0 0 /tube 0.77 0.77 0.77 /drops_3 0 0 0
479	/_samplerate 60 /drops_1 0 0 0 /energy 0.2090949 0.1882105 0.1681807 /char1 0.643963 0.6508035 0.6575406 /char2 0.181 0.181 0.181 /drops_2 0 0 0 /tube 0.77 0.77 0.77 /drops_3 0 0 0
481	/_samplerate 60 /drops_1 0 0 0 /energy 0.1490604 0.1309021 0.1137553 /char1 0.6641698 0.6706864 0.6770861 /char2 0.181 0.181 0.181 /drops_2 0 0 0 /tube 0.77 0.77 0.77 /drops_3 0 0 0
484	/_samplerate 60 /drops_1 0 0 /energy 0.09766727 0.08268198 /char1 0.6833643 0.6895169 /char2 0.181 0.181 /drops_2 0 0 /tube 0.77 0.77 /drops_3 0 0
487	/_samplerate 60 /drops_1 0 0 0 /energy 0.06884053 0.05618085 0.04473766 /char1 0.6955397 0.7014284 0.707179 /char2 0.181 0.181 0.181 /drops_2 0 0 0 /tube 0.77 0.77 0.77 /drops_3 0 0 0
490	/_samplerate 60 /drops_1 0 0 0 /energy 0.0345423 0.02562274 0.01800341 /char1 0.7127877 0.7182505 0.7235638 /char2 0.181 0.181 0.181 /drops_2 0 0 0 /tube 0.77 0.77 0.77 /drops_3 0 0 0
492	/_samplerate 60 /drops_1 0 0 0 /energy 0.0117052 0.006745369 0.003137517 /char1 0.7287238 0.7337271 0.7385702 /char2 0.181 0.181 0.181 /drops_2 0 0 0 /tube 0.77 0.77 0.77 /drops_3 0 0 0
495	/_samplerate 60 /drops_1 0 0 /energy 0.0008915297 1.356438e-05 /char1 0.7432498 0.7477627 /char2 0.181 0.181 /drops_2 0 0 /tube 0.77 0.77 /drops_3 0 0
498	/_samplerate 60 /drops_1 0 0 0 /energy 0.0005060271 0.002367568 0.005593085 /char1 0.7521058 0.7562761 0.7602707 /char2 0.181 0.181 0.181 /drops_2 0 0 0 /tube 0.77 0.77 0.77 /drops_3 0 0 0
500	/_samplerate 60 /drops_1 0 0 0 /energy 0.01017374 0.01609697 0.02334655 /char1 0.764087 0.7677223 0.7711741 /char2 0.181 0.181 0.181 /drops_2 0 0 0 /tube 0.77 0.77 0.77 /drops_3 0 0 0
503	/_samplerate 60 /drops_1 0 0 /energy 0.0319026 0.04174167 /char1 0.7744401 0.7775179 /char2 0.181 0.181 /drops_2 0 0 /tube 0.77 0.77 /drops_3 0 0
506	/_samplerate 60 /drops_1 0 0 0 /energy 0.05283679 0.06515756 0.07867021 /char1 0.7804056 0.7831011 0.7856026 /char2 0.181 0.181 0.181 /drops_2 0 0 0 /tube 0.77 0.77 0.77 /drops_3 0 0 0
508	/_samplerate 60 /drops_1 0 0 0 /energy 0.09333768 0.1091198 0.1259733 /char1 0.7879083 0.7900167 0.7919264 /char2 0.181 0.181 0.181 /drops_2 0 0 0 /tube 0.77 0.77 0.77 /drops_3 0 0 0
511	/_samplerate 60 /drops_1 0 0 /energy 0.143852 0.1627068 /char1 0.793636 0.7951443 /char2 0.181 0.181 /drops_2 0 0 /tube 0.77 0.77 /drops_3 0 0
514	/_samplerate 60 /drops_1 0 0 0 /energy 0.1824861 0.2031358 0.2245991 /char1 0.7964504 0.7975532 0.7984522 /char2 0.181 0.181 0.181 /drops_2 0 0 0 /tube 0.77 0.77 0.77 /drops_3 0 0 0
517	/_samplerate 60 /drops_1 0 0 0 /energy 0.2468172 0.2697294 0.2932726 /char1 0.7991467 0.7996361 0.7999201 /char2 0.181 0.181 0.181 /drops_2 0 0 0 /tube 0.77 0.77 0.77 /drops_3 0 0 0
520	/_samplerate 60 /drops_1 0 0 0 /energy 0.3173825 0.341993 0.3670365 /char1 0.7999986 0.7998714 0.7995389 /char2 0.181 0.181 0.181 /drops_2 0 0 0 /tube 0.77 0.77 0.77 /drops_3 0 0 0
522	/_samplerate 60 /drops_1 0 0 0 /energy 0.3924445 0.4181473 0.4440744 /char1 0.7990009 0.7982581 0.7973108 /char2 0.181 0.181 0.181 /drops_2 0 0 0 /tube 0.77 0.77 0.77 /drops_3 0 0 0
525	/_samplerate 60 /drops_1 0 0 /energy 0.4701548 0.496317 /char1 0.7961598 0.7948058 /char2 0.181 0.181 /drops_2 0 0 /tube 0.77 0.77 /drops_3 0 0
528	/_samplerate 60 /drops_1 0 0 0 /energy 0.5224894 0.5486 0.5745775 /char1 0.7932498 0.7914928 0.789536 /char2 0.181 0.181 0.181 /drops_2 0 0 0 /tube 0.77 0.77 0.77 /drops_3 0 0 0
530	/_samplerate 60 /drops_1 0 0 0 /energy 0.6003506 0.6258485 0.6510016 /char1 0.7873808 0.7850286 0.7824811 /char2 0.181 0.181 0.181 /drops_2 0 0 0 /tube 0.77 0.77 0.77 /drops_3 0 0 0
533	/_samplerate 60 /drops_1 0 0 /energy 0.6757408 0.6999983 /char1 0.77974 0.7768072 /char2 0.181 0.181 /drops_2 0 0 /tube 0.77 0.77 /drops_3 0 0
536	/_samplerate 60 /drops_1 0 0 0 /energy 0.7237076 0.7468037 0.7692233 /char1 0.7736846 0.7703745 0.7668791 /char2 0.181 0.181 0.181 /drops_2 0 0 0 /tube 0.77 0.77 0.77 /drops_3 0 0 0
538	/_samplerate 60 /drops_1 0 0 0 /energy 0.7909051 0.8117895 0.8318192 /char1 0.7632008 0.7593421 0.7553056 /char2 0.181 0.181 0.181 /drops_2 0 0 0 /tube 0.77 0.77 0.77 /drops_3 0 0 0
541	/_samplerate 60 /drops_1 0 0 /energy 0.8509396 0.8690979 /char1 0.7510942 0.7467107 /char2 0.181 0.181 /drops_2 0 0 /tube 0.77 0.77 /drops_3 0 0
544	/_samplerate 60 /drops_1 0 0 0 /energy 0.8862447 0.9023327 0.917318 /char1 0.7421581 0.7374395 0.7325583 /char2 0.181 0.181 0.181 /drops_2 0 0 0 /tube 0.77 0.77 0.77 /drops_3 0 0 0
547	/_samplerate 60 /drops_1 0 0 0 /energy 0.9311595 0.9438192 0.9552624 /char1 0.7275176 0.722321 0.7169721 /char2 0.181 0.181 0.181 /drops_2 0 0 0 /tube 0.77 0.77 0.77 /drops_3 0 0 0
549	/_samplerate 60 /drops_1 0 0 0 /energy 0.9654577 0.9743773 0.9819966 /char1 0.7114744 0.7058318 0.7000481 /char2 0.181 0.181 0.181 /drops_2 0 0 0 /tube 0.77 0.77 0.77 /drops_3 0 0 0
552	/_samplerate 60 /drops_1 0 0 /energy 0.9882948 0.9932546 /char1 0.6941273 0.6880735 /char2 0.181 0.181 /drops_2 0 0 /tube 0.77 0.77 /drops_3 0 0
555	/_samplerate 60 /drops_1 0 0 0 /energy 0.9968625 0.9991085 0.9999864 /char1 0.6818908 0.6755834 0.6691557 /char2 0.181 0.181 0.181 /drops_2 0 0 0 /tube 0.77 0.77 0.77 /drops_3 0 0 0
558	/_samplerate 60 /drops_1 0 0 0 /energy 0.999494 0.9976324 0.9944069 /char1 0.6626121 0.655957 0.6491951 /char2 0.181 0.181 0.181 /drops_2 0 0 0 /tube 0.77 0.77 0.77 /drops_3 0 0 0
560	/_samplerate 60 /drops_1 0 0 0 /energy 0.9898263 0.9839031 0.9766535 /char1 0.6423308 0.6353691 0.6283146 /char2 0.181 0.181 0.181 /drops_2 0 0 0 /tube 0.77 0.77 0.77 /drops_3 0 0 0
563	/_samplerate 60 /drops_1 0 0 /energy 0.9680974 0.9582583 /char1 0.6211721 0.6139465 /char2 0.181 0.181 /drops_2 0 0 /tube 0.77 0.77 /drops_3 0 0
566	/_samplerate 60 /drops_1 0 0 0 /energy 0.9471632 0.9348424 0.9213298 /char1 0.6066429 0.5992662 0.5918214 /char2 0.181 0.181 0.181 /drops_2 0 0 0 /tube 0.77 0.77 0.77 /drops_3 0 0 0
568	/_samplerate 60 /drops_1 0 0 0 /energy 0.9066623 0.8908802 0.8740267 /char1 0.5843138 0.5767483 0.5691303 /char2 0.181 0.181 0.181 /drops_2 0 0 0 /tube 0.77 0.77 0.77 /drops_3 0 0 0
575	/_samplerate 60 /drops_1 0 0 /energy 0.8561481 0.8372932 /char1 0.5614648 0.5537573 /char2 0.181 0.181 /drops_2 0 0 /tube 0.77 0.77 /drops_3 0 0
578	/_samplerate 60 /drops_1 0 0 0 0 0 0 0 /energy 0.8175139 0.7968642 0.7754009 0.7531828 0.7302706 0.7067274 0.6826174 /char1 0.5460129 0.538237 0.5304348 0.5226118 0.5147733 0.5069247 0.4990714 /char2 0.181 0.181 0.181 0.181 0.181 0.181 0.181 /drops_2 0 0 0 0 0 0 0 /tube 0.77 0.77 0.77 0.77 0.77 0.77 0.77 /drops_3 0 0 0 0 0 0 0
581	/_samplerate 60 /drops_1 0 0 0 /energy 0.658007 0.6329635 0.6075555 /char1 0.4912186 0.4833719 0.4755366 /char2 0.181 0.181 0.181 /drops_2 0 0 0 /tube 0.77 0.77 0.77 /drops_3 0 0 0
583	/_samplerate 60 /drops_1 0 0 0 /energy 0.5818527 0.5559256 0.5298452 /char1 0.467718 0.4599216 0.4521527 /char2 0.181 0.181 0.181 /drops_2 0 0 0 /tube 0.77 0.77 0.77 /drops_3 0 0 0
586	/_samplerate 60 /drops_1 0 0 /energy 0.503683 0.4775106 /char1 0.4444165 0.4367184 /char2 0.181 0.181 /drops_2 0 0 /tube 0.77 0.77 /drops_3 0 0
589	/_samplerate 60 /drops_1 0 0 0 /energy 0.4514 0.4254225 0.3996494 /char1 0.4290637 0.4214576 0.4139054 /char2 0.181 0.181 0.181 /drops_2 0 0 0 /tube 0.77 0.77 0.77 /drops_3 0 0 0
591	/_samplerate 60 /drops_1 0 0 0 /energy 0.3741515 0.3489984 0.3242592 /char1 0.4064122 0.398983 0.3916231 /char2 0.181 0.181 0.181 /drops_2 0 0 0 /tube 0.77 0.77 0.77 /drops_3 0 0 0
594	/_samplerate 60 /drops_1 0 0 /energy 0.3000017 0.2762924 /char1 0.3843375 0.3771312 /char2 0.181 0.181 /drops_2 0 0 /tube 0.77 0.77 /drops_3 0 0
597	/_samplerate 60 /drops_1 0 0 0 /energy 0.2531963 0.2307767 0.2090949 /char1 0.3700091 0.3629761 0.3560369 /char2 0.181 0.181 0.181 /drops_2 0 0 0 /tube 0.77 0.77 0.77 /drops_3 0 0 0
599	/_samplerate 60 /drops_1 0 0 0 /energy 0.1882105 0.1681807 0.1490604 /char1 0.3491965 0.3424594 0.3358302 /char2 0.181 0.181 0.181 /drops_2 0 0 0 /tube 0.77 0.77 0.77 /drops_3 0 0 0
602	/_samplerate 60 /drops_1 0 0 /energy 0.1309021 0.1137553 /char1 0.3293136 0.322914 /char2 0.181 0.181 /drops_2 0 0 /tube 0.77 0.77 /drops_3 0 0
605	/_samplerate 60 /drops_1 0 0 0 /energy 0.09766727 0.08268198 0.06884053 /char1 0.3166357 0.3104831 0.3044603 /char2 0.181 0.181 0.181 /drops_2 0 0 0 /tube 0.77 0.77 0.77 /drops_3 0 0 0
607	/_samplerate 60 /drops_1 0 0 0 /energy 0.05618085 0.04473766 0.0345423 /char1 0.2985716 0.292821 0.2872123 /char2 0.181 0.181 0.181 /drops_2 0 0 0 /tube 0.77 0.77 0.77 /drops_3 0 0 0
610	/_samplerate 60 /drops_1 0 0 /energy 0.02562274 0.01800341 /char1 0.2817495 0.2764362 /char2 0.181 0.181 /drops_2 0 0 /tube 0.77 0.77 /drops_3 0 0
613	/_samplerate 60 /drops_1 0 0 0 /energy 0.0117052 0.006745369 0.003137517 /char1 0.2712762 0.2662729 0.2614298 /char2 0.181 0.181 0.181 /drops_2 0 0 0 /tube 0.77 0.77 0.77 /drops_3 0 0 0
615	/_samplerate 60 /drops_1 0 0 0 /energy 0.0008915297 1.356438e-05 0.0005060271 /char1 0.2567502 0.2522373 0.2478942 /char2 0.181 0.181 0.181 /drops_2 0 0 0 /tube 0.77 0.77 0.77 /drops_3 0 0 0
618	/_samplerate 60 /drops_1 0 0 /energy 0.002367568 0.005593085 /char1 0.2437239 0.2397293 /char2 0.181 0.181 /drops_2 0 0 /tube 0.77 0.77 /drops_3 0 0
621	/_samplerate 60 /drops_1 0 0 0 /energy 0.01017374 0.01609697 0.02334655 /char1 0.235913 0.2322777 0.2288259 /char2 0.181 0.181 0.181 /drops_2 0 0 0 /tube 0.77 0.77 0.77 /drops_3 0 0 0
624	/_samplerate 60 /drops_1 0 0 0 /energy 0.0319026 0.04174167 0.05283679 /char1 0.2255599 0.2224821 0.2195944 /char2 0.181 0.181 0.181 /drops_2 0 0 0 /tube 0.77 0.77 0.77 /drops_3 0 0 0
626	/_samplerate 60 /drops_1 0 0 0 /energy 0.06515756 0.07867021 0.09333768 /char1 0.2168989 0.2143974 0.2120917 /char2 0.181 0.181 0.181 /drops_2 0 0 0 /tube 0.77 0.77 0.77 /drops_3 0 0 0
629	/_samplerate 60 /drops_1 0 0 /energy 0.1091198 0.1259733 /char1 0.2099833 0.2080736 /char2 0.181 0.181 /drops_2 0 0 /tube 0.77 0.77 /drops_3 0 0
631	/_samplerate 60 /drops_1 0 0 0 /energy 0.143852 0.1627068 0.1824861 /char1 0.206364 0.2048557 0.2035496 /char2 0.181 0.181 0.181 /drops_2 0 0 0 /tube 0.77 0.77 0.77 /drops_3 0 0 0
634	/_samplerate 60 /drops_1 0 0 /energy 0.2031358 0.2245991 /char1 0.2024467 0.2015478 /char2 0.181 0.181 /drops_2 0 0 /tube 0.77 0.77 /drops_3 0 0
637	/_samplerate 60 /drops_1 0 0 0 /energy 0.2468172 0.2697294 0.2932726 /char1 0.2008534 0.200364 0.2000799 /char2 0.181 0.181 0.181 /drops_2 0 0 0 /tube 0.77 0.77 0.77 /drops_3 0 0 0
640	/_samplerate 60 /drops_1 0 0 0 /energy 0.3173825 0.341993 0.3670365 /char1 0.2000014 0.2001285 0.2004612 /char2 0.181 0.181 0.181 /drops_2 0 0 0 /tube 0.77 0.77 0.77 /drops_3 0 0 0
642	/_samplerate 60 /drops_1 0 0 0 /energy 0.3924445 0.4181473 0.4440744 /char1 0.2009991 0.2017419 0.2026892 /char2 0.181 0.181 0.181 /drops_2 0 0 0 /tube 0.77 0.77 0.77 /drops_3 0 0 0
645	/_samplerate 60 /drops_1 0 0 /energy 0.4701548 0.496317 /char1 0.2038402 0.2051942 /char2 0.181 0.181 /drops_2 0 0 /tube 0.77 0.77 /drops_3 0 0
648	/_samplerate 60 /drops_1 0 0 0 /energy 0.5224894 0.5486 0.5745775 /char1 0.2067502 0.2085072 0.210464 /char2 0.181 0.181 0.181 /drops_2 0 0 0 /tube 0.77 0.77 0.77 /drops_3 0 0 0
650	/_samplerate 60 /drops_1 0 0 0 /energy 0.6003506 0.6258485 0.6510016 /char1 0.2126192 0.2149714 0.2175189 /char2 0.181 0.181 0.181 /drops_2 0 0 0 /tube 0.77 0.77 0.77 /drops_3 0 0 0
653	/_samplerate 60 /drops_1 0 0 /energy 0.6757408 0.6999983 /char1 0.22026 0.2231928 /char2 0.181 0.181 /drops_2 0 0 /tube 0.77 0.77 /drops_3 0 0
656	/_samplerate 60 /drops_1 0 0 0 /energy 0.7237076 0.7468037 0.7692233 /char1 0.2263154 0.2296255 0.2331209 /char2 0.181 0.181 0.181 /drops_2 0 0 0 /tube 0.77 0.77 0.77 /drops_3 0 0 0
659	/_samplerate 60 /drops_1 0 0 0 /energy 0.7909051 0.8117895 0.8318192 /char1 0.2367992 0.2406579 0.2446944 /char2 0.181 0.181 0.181 /drops_2 0 0 0 /tube 0.77 0.77 0.77 /drops_3 0 0 0
661	/_samplerate 60 /drops_1 0 0 0 /energy 0.8509396 0.8690979 0.8862447 /char1 0.2489058 0.2532893 0.2578419 /char2 0.181 0.181 0.181 /drops_2 0 0 0 /tube 0.77 0.77 0.77 /drops_3 0 0 0
664	/_samplerate 60 /drops_1 0 0 /energy 0.9023327 0.917318 /char1 0.2625605 0.2674417 /char2 0.181 0.181 /drops_2 0 0 /tube 0.77 0.77 /drops_3 0 0
667	/_samplerate 60 /drops_1 0 0 0 /energy 0.9311595 0.9438192 0.9552624 /char1 0.2724824 0.277679 0.283028 /char2 0.181 0.181 0.181 /drops_2 0 0 0 /tube 0.77 0.77 0.77 /drops_3 0 0 0
670	/_samplerate 60 /drops_1 0 0 0 /energy 0.9654577 0.9743773 0.9819966 /char1 0.2885256 0.2941682 0.2999519 /char2 0.181 0.181 0.181 /drops_2 0 0 0 /tube 0.77 0.77 0.77 /drops_3 0 0 0
672	/_samplerate 60 /drops_1 0 0 0 /energy 0.9882948 0.9932546 0.9968625 /char1 0.3058727 0.3119265 0.3181092 /char2 0.181 0.181 0.181 /drops_2 0 0 0 /tube 0.77 0.77 0.77 /drops_3 0 0 0
675	/_samplerate 60 /drops_1 0 0 /energy 0.9991085 0.9999864 /char1 0.3244165 0.3308443 /char2 0.181 0.181 /drops_2 0 0 /tube 0.77 0.77 /drops_3 0 0
678	/_samplerate 60 /drops_1 0 0 0 /energy 0.999494 0.9976324 0.9944069 /char1 0.3373879 0.344043 0.350805 /char2 0.181 0.181 0.181 /drops_2 0 0 0 /tube 0.77 0.77 0.77 /drops_3 0 0 0
680	/_samplerate 60 /drops_1 0 0 0 /energy 0.9898263 0.9839031 0.9766535 /char1 0.3576692 0.3646309 0.3716855 /char2 0.181 0.181 0.181 /drops_2 0 0 0 /tube 0.77 0.77 0.77 /drops_3 0 0 0
683	/_samplerate 60 /drops_1 0 0 /energy 0.9680974 0.9582583 /char1 0.378828 0.3860535 /char2 0.181 0.181 /drops_2 0 0 /tube 0.77 0.77 /drops_3 0 0
686	/_samplerate 60 /drops_1 0 0 0 /energy 0.9471632 0.9348424 0.9213298 /char1 0.3933571 0.4007338 0.4081785 /char2 0.181 0.181 0.181 /drops_2 0 0 0 /tube 0.77 0.77 0.77 /drops_3 0 0 0
688	/_samplerate 60 /drops_1 0 0 0 /energy 0.9066623 0.8908802 0.8740267 /char1 0.4156862 0.4232517 0.4308697 /char2 0.181 0.181 0.181 /drops_2 0 0 0 /tube 0.77 0.77 0.77 /drops_3 0 0 0
691	/_samplerate 60 /drops_1 0 0 /energy 0.8561481 0.8372932 /char1 0.4385352 0.4462427 /char2 0.181 0.181 /drops_2 0 0 /tube 0.77 0.77 /drops_3 0 0
694	/_samplerate 60 /drops_1 0 0 0 /energy 0.8175139 0.7968642 0.7754009 /char1 0.4539871 0.461763 0.4695652 /char2 0.181 0.181 0.181 /drops_2 0 0 0 /tube 0.77 0.77 0.77 /drops_3 0 0 0
697	/_samplerate 60 /drops_1 0 0 0 /energy 0.7531828 0.7302706 0.7067274 /char1 0.4773882 0.4852267 0.4930753 /char2 0.181 0.181 0.181 /drops_2 0 0 0 /tube 0.77 0.77 0.77 /drops_3 0 0 0
699	/_samplerate 60 /drops_1 0 0 0 /energy 0.6826174 0.658007 0.6329635 /char1 0.5009286 0.5087814 0.5166281 /char2 0.181 0.181 0.181 /drops_2 0 0 0 /tube 0.77 0.77 0.77 /drops_3 0 0 0
702	/_samplerate 60 /drops_1 0 0 /energy 0.6075555 0.5818527 /char1 0.5244634 0.5322819 /char2 0.181 0.181 /drops_2 0 0 /tube 0.77 0.77 /drops_3 0 0
705	/_samplerate 60 /drops_1 0 0 0 /energy 0.5559256 0.5298452 0.503683 /char1 0.5400784 0.5478473 0.5555835 /char2 0.181 0.181 0.181 /drops_2 0 0 0 /tube 0.77 0.77 0.77 /drops_3 0 0 0
707	/_samplerate 60 /drops_1 0 0 0 /energy 0.4775106 0.4514 0.4254225 /char1 0.5632816 0.5709363 0.5785424 /char2 0.181 0.181 0.181 /drops_2 0 0 0 /tube 0.77 0.77 0.77 /drops_3 0 0 0
710	/_samplerate 60 /drops_1 0 0 /energy 0.3996494 0.3741515 /char1 0.5860946 0.5935879 /char2 0.181 0.181 /drops_2 0 0 /tube 0.77 0.77 /drops_3 0 0
713	/_samplerate 60 /drops_1 0 0 0 /energy 0.3489984 0.3242592 0.3000017 /char1 0.601017 0.6083769 0.6156625 /char2 0.181 0.181 0.181 /drops_2 0 0 0 /tube 0.77 0.77 0.77 /drops_3 0 0 0
716	/_samplerate 60 /drops_1 0 0 0 /energy 0.2762924 0.2531963 0.2307767 /char1 0.6228688 0.6299909 0.6370239 /char2 0.181 0.181 0.181 /drops_2 0 0 0 /tube 0.77 0.77 0.77 /drops_3 0 0 0
718	/_samplerate 60 /drops_1 0 0 0 /energy 0.2090949 0.1882105 0.1681807 /char1 0.643963 0.6508035 0.6575406 /char2 0.181 0.181 0.181 /drops_2 0 0 0 /tube 0.77 0.77 0.77 /drops_3 0 0 0
721	/_samplerate 60 /drops_1 0 0 /energy 0.1490604 0.1309021 /char1 0.6641698 0.6706864 /char2 0.181 0.181 /drops_2 0 0 /tube 0.77 0.77 /drops_3 0 0
723	/_samplerate 60 /drops_1 0 0 0 /energy 0.1137553 0.09766727 0.08268198 /char1 0.6770861 0.6833643 0.6895169 /char2 0.181 0.181 0.181 /drops_2 0 0 0 /tube 0.77 0.77 0.77 /drops_3 0 0 0
726	/_samplerate 60 /drops_1 0 0 /energy 0.06884053 0.05618085 /char1 0.6955397 0.7014284 /char2 0.181 0.181 /drops_2 0 0 /tube 0.77 0.77 /drops_3 0 0
729	/_samplerate 60 /drops_1 0 0 0 /energy 0.04473766 0.0345423 0.02562274 /char1 0.707179 0.7127877 0.7182505 /char2 0.181 0.181 0.181 /drops_2 0 0 0 /tube 0.77 0.77 0.77 /drops_3 0 0 0
732	/_samplerate 60 /drops_1 0 0 0 /energy 0.01800341 0.0117052 0.006745369 /char1 0.7235638 0.7287238 0.7337271 /char2 0.181 0.181 0.181 /drops_2 0 0 0 /tube 0.77 0.77 0.77 /drops_3 0 0 0
735	/_samplerate 60 /drops_1 0 0 0 /energy 0.003137517 0.0008915297 1.356438e-05 /char1 0.7385702 0.7432498 0.7477627 /char2 0.181 0.181 0.181 /drops_2 0 0 0 /tube 0.77 0.77 0.77 /drops_3 0 0 0
738	/_samplerate 60 /drops_1 0 0 0 /energy 0.0005060271 0.002367568 0.005593085 /char1 0.7521058 0.7562761 0.7602707 /char2 0.181 0.181 0.181 /drops_2 0 0 0 /tube 0.77 0.77 0.77 /drops_3 0 0 0
741	/_samplerate 60 /drops_1 0 0 0 /energy 0.01017374 0.01609697 0.02334655 /char1 0.764087 0.7677223 0.7711741 /char2 0.181 0.181 0.181 /drops_2 0 0 0 /tube 0.77 0.77 0.77 /drops_3 0 0 0
743	/_samplerate 60 /drops_1 0 0 0 /energy 0.0319026 0.04174167 0.05283679 /char1 0.7744401 0.7775179 0.7804056 /char2 0.181 0.181 0.181 /drops_2 0 0 0 /tube 0.77 0.77 0.77 /drops_3 0 0 0
746	/_samplerate 60 /drops_1 0 0 /energy 0.06515756 0.07867021 /char1 0.7831011 0.7856026 /char2 0.181 0.181 /drops_2 0 0 /tube 0.77 0.77 /drops_3 0 0
749	/_samplerate 60 /drops_1 0 0 0 /energy 0.09333768 0.1091198 0.1259733 /char1 0.7879083 0.7900167 0.7919264 /char2 0.181 0.181 0.181 /drops_2 0 0 0 /tube 0.77 0.77 0.77 /drops_3 0 0 0
751	/_samplerate 60 /drops_1 0 0 0 /energy 0.143852 0.1627068 0.1824861 /char1 0.793636 0.7951443 0.7964504 /char2 0.181 0.181 0.181 /drops_2 0 0 0 /tube 0.77 0.77 0.77 /drops_3 0 0 0
754	/_samplerate 60 /drops_1 0 0 /energy 0.2031358 0.2245991 /char1 0.7975532 0.7984522 /char2 0.181 0.181 /drops_2 0 0 /tube 0.77 0.77 /drops_3 0 0
757	/_samplerate 60 /drops_1 0 0 0 /energy 0.2468172 0.2697294 0.2932726 /char1 0.7991467 0.7996361 0.7999201 /char2 0.181 0.181 0.181 /drops_2 0 0 0 /tube 0.77 0.77 0.77 /drops_3 0 0 0
760	/_samplerate 60 /drops_1 0 0 0 /energy 0.3173825 0.341993 0.3670365 /char1 0.7999986 0.7998714 0.7995389 /char2 0.181 0.181 0.181 /drops_2 0 0 0 /tube 0.77 0.77 0.77 /drops_3 0 0 0
762	/_samplerate 60 /drops_1 0 0 0 /energy 0.3924445 0.4181473 0.4440744 /char1 0.7990009 0.7982581 0.7973108 /char2 0.181 0.181 0.181 /drops_2 0 0 0 /tube 0.77 0.77 0.77 /drops_3 0 0 0
765	/_samplerate 60 /drops_1 0 0 /energy 0.4701548 0.496317 /char1 0.7961598 0.7948058 /char2 0.181 0.181 /drops_2 0 0 /tube 0.77 0.77 /drops_3 0 0
768	/_samplerate 60 /drops_1 0 0 0 /energy 0.5224894 0.5486 0.5745775 /char1 0.7932498 0.7914928 0.789536 /char2 0.181 0.181 0.181 /drops_2 0 0 0 /tube 0.77 0.77 0.77 /drops_3 0 0 0
770	/_samplerate 60 /drops_1 0 0 0 /energy 0.6003506 0.6258485 0.6510016 /char1 0.7873808 0.7850286 0.7824811 /char2 0.181 0.181 0.181 /drops_2 0 0 0 /tube 0.77 0.77 0.77 /drops_3 0 0 0
773	/_samplerate 60 /drops_1 0 0 /energy 0.6757408 0.6999983 /char1 0.77974 0.7768072 /char2 0.181 0.181 /drops_2 0 0 /tube 0.77 0.77 /drops_3 0 0
776	/_samplerate 60 /drops_1 0 0 0 /energy 0.7237076 0.7468037 0.7692233 /char1 0.7736846 0.7703745 0.7668791 /char2 0.181 0.181 0.181 /drops_2 0 0 0 /tube 0.77 0.77 0.77 /drops_3 0 0 0
778	/_samplerate 60 /drops_1 0 0 0 /energy 0.7909051 0.8117895 0.8318192 /char1 0.7632008 0.7593421 0.7553056 /char2 0.181 0.181 0.181 /drops_2 0 0 0 /tube 0.77 0.77 0.77 /drops_3 0 0 0
781	/_samplerate 60 /drops_1 0 0 /energy 0.8509396 0.8690979 /char1 0.7510942 0.7467107 /char2 0.181 0.181 /drops_2 0 0 /tube 0.77 0.77 /drops_3 0 0
784	/_samplerate 60 /drops_1 0 0 0 /energy 0.8862447 0.9023327 0.917318 /char1 0.7421581 0.7374395 0.7325583 /char2 0.181 0.181 0.181 /drops_2 0 0 0 /tube 0.77 0.77 0.77 /drops_3 0 0 0
787	/_samplerate 60 /drops_1 0 0 0 /energy 0.9311595 0.9438192 0.9552624 /char1 0.7275176 0.722321 0.7169721 /char2 0.181 0.181 0.181 /drops_2 0 0 0 /tube 0.77 0.77 0.77 /drops_3 0 0 0
789	/_samplerate 60 /drops_1 0 0 0 /energy 0.9654577 0.9743773 0.9819966 /char1 0.7114744 0.7058318 0.7000481 /char2 0.181 0.181 0.181 /drops_2 0 0 0 /tube 0.77 0.77 0.77 /drops_3 0 0 0
792	/_samplerate 60 /drops_1 0 0 /energy 0.9882948 0.9932546 /char1 0.6941273 0.6880735 /char2 0.181 0.181 /drops_2 0 0 /tube 0.77 0.77 /drops_3 0 0
795	/_samplerate 60 /drops_1 0 0 0 /energy 0.9968625 0.9991085 0.9999864 /char1 0.6818908 0.6755834 0.6691557 /char2 0.181 0.181 0.181 /drops_2 0 0 0 /tube 0.77 0.77 0.77 /drops_3 0 0 0
798	/_samplerate 60 /drops_1 0 0 0 /energy 0.999494 0.9976324 0.9944069 /char1 0.6626121 0.655957 0.6491951 /char2 0.181 0.181 0.181 /drops_2 0 0 0 /tube 0.77 0.77 0.77 /drops_3 0 0 0
800	/_samplerate 60 /drops_1 0 0 0 /energy 0.9898263 0.9839031 0.9766535 /char1 0.6423308 0.6353691 0.6283146 /char2 0.181 0.181 0.181 /drops_2 0 0 0 /tube 0.77 0.77 0.77 /drops_3 0 0 0
803	/_samplerate 60 /drops_1 0 0 /energy 0.9680974 0.9582583 /char1 0.6211721 0.6139465 /char2 0.181 0.181 /drops_2 0 0 /tube 0.77 0.77 /drops_3 0 0
806	/_samplerate 60 /drops_1 0 0 0 /energy 0.9471632 0.9348424 0.9213298 /char1 0.6066429 0.5992662 0.5918214 /char2 0.181 0.181 0.181 /drops_2 0 0 0 /tube 0.77 0.77 0.77 /drops_3 0 0 0
809	/_samplerate 60 /drops_1 0 0 0 /energy 0.9066623 0.8908802 0.8740267 /char1 0.5843138 0.5767483 0.5691303 /char2 0.181 0.181 0.181 /drops_2 0 0 0 /tube 0.77 0.77 0.77 /drops_3 0 0 0
811	/_samplerate 60 /drops_1 0 0 0 /energy 0.8561481 0.8372932 0.8175139 /char1 0.5614648 0.5537573 0.5460129 /char2 0.181 0.181 0.181 /drops_2 0 0 0 /tube 0.77 0.77 0.77 /drops_3 0 0 0
814	/_samplerate 60 /drops_1 0 0 /energy 0.7968642 0.7754009 /char1 0.538237 0.5304348 /char2 0.181 0.181 /drops_2 0 0 /tube 0.77 0.77 /drops_3 0 0
817	/_samplerate 60 /drops_1 0 0 0 /energy 0.7531828 0.7302706 0.7067274 /char1 0.5226118 0.5147733 0.5069247 /char2 0.181 0.181 0.181 /drops_2 0 0 0 /tube 0.77 0.77 0.77 /drops_3 0 0 0
819	/_samplerate 60 /drops_1 0 0 0 /energy 0.6826174 0.658007 0.6329635 /char1 0.4990714 0.4912186 0.4833719 /char2 0.181 0.181 0.181 /drops_2 0 0 0 /tube 0.77 0.77 0.77 /drops_3 0 0 0
822	/_samplerate 60 /drops_1 0 0 /energy 0.6075555 0.5818527 /char1 0.4755366 0.467718 /char2 0.181 0.181 /drops_2 0 0 /tube 0.77 0.77 /drops_3 0 0
825	/_samplerate 60 /drops_1 0 0 0 /energy 0.5559256 0.5298452 0.503683 /char1 0.4599216 0.4521527 0.4444165 /char2 0.181 0.181 0.181 /drops_2 0 0 0 /tube 0.77 0.77 0.77 /drops_3 0 0 0
828	/_samplerate 60 /drops_1 0 0 0 /energy 0.4775106 0.4514 0.4254225 /char1 0.4367184 0.4290637 0.4214576 /char2 0.181 0.181 0.181 /drops_2 0 0 0 /tube 0.77 0.77 0.77 /drops_3 0 0 0
831	/_samplerate 60 /drops_1 0 0 0 /energy 0.3996494 0.3741515 0.3489984 /char1 0.4139054 0.4064122 0.398983 /char2 0.181 0.181 0.181 /drops_2 0 0 0 /tube 0.77 0.77 0.77 /drops_3 0 0 0
833	/_samplerate 60 /drops_1 0 0 0 /energy 0.3242592 0.3000017 0.2762924 /char1 0.3916231 0.3843375 0.3771312 /char2 0.181 0.181 0.181 /drops_2 0 0 0 /tube 0.77 0.77 0.77 /drops_3 0 0 0
836	/_samplerate 60 /drops_1 0 0 /energy 0.2531963 0.2307767 /char1 0.3700091 0.3629761 /char2 0.181 0.181 /drops_2 0 0 /tube 0.77 0.77 /drops_3 0 0
839	/_samplerate 60 /drops_1 0 0 0 /energy 0.2090949 0.1882105 0.1681807 /char1 0.3560369 0.3491965 0.3424594 /char2 0.181 0.181 0.181 /drops_2 0 0 0 /tube 0.77 0.77 0.77 /drops_3 0 0 0
841	/_samplerate 60 /drops_1 0 0 0 /energy 0.1490604 0.1309021 0.1137553 /char1 0.3358302 0.3293136 0.322914 /char2 0.181 0.181 0.181 /drops_2 0 0 0 /tube 0.77 0.77 0.77 /drops_3 0 0 0
844	/_samplerate 60 /drops_1 0 0 /energy 0.09766727 0.08268198 /char1 0.3166357 0.3104831 /char2 0.181 0.181 /drops_2 0 0 /tube 0.77 0.77 /drops_3 0 0
847	/_samplerate 60 /drops_1 0 0 0 /energy 0.06884053 0.05618085 0.04473766 /char1 0.3044603 0.2985716 0.292821 /char2 0.181 0.181 0.181 /drops_2 0 0 0 /tube 0.77 0.77 0.77 /drops_3 0 0 0
849	/_samplerate 60 /drops_1 0 0 0 /energy 0.0345423 0.02562274 0.01800341 /char1 0.2872123 0.2817495 0.2764362 /char2 0.181 0.181 0.181 /drops_2 0 0 0 /tube 0.77 0.77 0.77 /drops_3 0 0 0
852	/_samplerate 60 /drops_1 0 0 /energy 0.0117052 0.006745369 /char1 0.2712762 0.2662729 /char2 0.181 0.181 /drops_2 0 0 /tube 0.77 0.77 /drops_3 0 0
855	/_samplerate 60 /drops_1 0 0 0 /energy 0.003137517 0.0008915297 1.356438e-05 /char1 0.2614298 0.2567502 0.2522373 /char2 0.181 0.181 0.181 /drops_2 0 0 0 /tube 0.77 0.77 0.77 /drops_3 0 0 0
858	/_samplerate 60 /drops_1 0 0 0 /energy 0.0005060271 0.002367568 0.005593085 /char1 0.2478942 0.2437239 0.2397293 /char2 0.181 0.181 0.181 /drops_2 0 0 0 /tube 0.77 0.77 0.77 /drops_3 0 0 0
861	/_samplerate 60 /drops_1 0 0 0 /energy 0.01017374 0.01609697 0.02334655 /char1 0.235913 0.2322777 0.2288259 /char2 0.181 0.181 0.181 /drops_2 0 0 0 /tube 0.77 0.77 0.77 /drops_3 0 0 0
863	/_samplerate 60 /drops_1 0 0 0 /energy 0.0319026 0.04174167 0.05283679 /char1 0.2255599 0.2224821 0.2195944 /char2 0.181 0.181 0.181 /drops_2 0 0 0 /tube 0.77 0.77 0.77 /drops_3 0 0 0
866	/_samplerate 60 /drops_1 0 0 /energy 0.06515756 0.07867021 /char1 0.2168989 0.2143974 /char2 0.181 0.181 /drops_2 0 0 /tube 0.77 0.77 /drops_3 0 0
869	/_samplerate 60 /drops_1 0 0 0 /energy 0.09333768 0.1091198 0.1259733 /char1 0.2120917 0.2099833 0.2080736 /char2 0.181 0.181 0.181 /drops_2 0 0 0 /tube 0.77 0.77 0.77 /drops_3 0 0 0
872	/_samplerate 60 /drops_1 0 0 0 /energy 0.143852 0.1627068 0.1824861 /char1 0.206364 0.2048557 0.2035496 /char2 0.181 0.181 0.181 /drops_2 0 0 0 /tube 0.77 0.77 0.77 /drops_3 0 0 0
874	/_samplerate 60 /drops_1 0 0 0 /energy 0.2031358 0.2245991 0.2468172 /char1 0.2024467 0.2015478 0.2008534 /char2 0.181 0.181 0.181 /drops_2 0 0 0 /tube 0.77 0.77 0.77 /drops_3 0 0 0
877	/_samplerate 60 /drops_1 0 0 /energy 0.2697294 0.2932726 /char1 0.200364 0.2000799 /char2 0.181 0.181 /drops_2 0 0 /tube 0.77 0.77 /drops_3 0 0
880	/_samplerate 60 /drops_1 0 0 0 /energy 0.3173825 0.341993 0.3670365 /char1 0.2000014 0.2001285 0.2004612 /char2 0.181 0.181 0.181 /drops_2 0 0 0 /tube 0.77 0.77 0.77 /drops_3 0 0 0
883	/_samplerate 60 /drops_1 0 0 0 /energy 0.3924445 0.4181473 0.4440744 /char1 0.2009991 0.2017419 0.2026892 /char2 0.181 0.181 0.181 /drops_2 0 0 0 /tube 0.77 0.77 0.77 /drops_3 0 0 0
885	/_samplerate 60 /drops_1 0 0 0 /energy 0.4701548 0.496317 0.5224894 /char1 0.2038402 0.2051942 0.2067502 /char2 0.181 0.181 0.181 /drops_2 0 0 0 /tube 0.77 0.77 0.77 /drops_3 0 0 0
888	/_samplerate 60 /drops_1 0 0 /energy 0.5486 0.5745775 /char1 0.2085072 0.210464 /char2 0.181 0.181 /drops_2 0 0 /tube 0.77 0.77 /drops_3 0 0
891	/_samplerate 60 /drops_1 0 0 0 /energy 0.6003506 0.6258485 0.6510016 /char1 0.2126192 0.2149714 0.2175189 /char2 0.181 0.181 0.181 /drops_2 0 0 0 /tube 0.77 0.77 0.77 /drops_3 0 0 0
894	/_samplerate 60 /drops_1 0 0 0 /energy 0.6757408 0.6999983 0.7237076 /char1 0.22026 0.2231928 0.2263154 /char2 0.181 0.181 0.181 /drops_2 0 0 0 /tube 0.77 0.77 0.77 /drops_3 0 0 0
896	/_samplerate 60 /drops_1 0 0 0 /energy 0.7468037 0.7692233 0.7909051 /char1 0.2296255 0.2331209 0.2367992 /char2 0.181 0.181 0.181 /drops_2 0 0 0 /tube 0.77 0.77 0.77 /drops_3 0 0 0
899	/_samplerate 60 /drops_1 0 0 /energy 0.8117895 0.8318192 /char1 0.2406579 0.2446944 /char2 0.181 0.181 /drops_2 0 0 /tube 0.77 0.77 /drops_3 0 0
902	/_samplerate 60 /drops_1 0 0 0 /energy 0.8509396 0.8690979 0.8862447 /char1 0.2489058 0.2532893 0.2578419 /char2 0.181 0.181 0.181 /drops_2 0 0 0 /tube 0.77 0.77 0.77 /drops_3 0 0 0
905	/_samplerate 60 /drops_1 0 0 0 /energy 0.9023327 0.917318 0.9311595 /char1 0.2625605 0.2674417 0.2724824 /char2 0.181 0.181 0.181 /drops_2 0 0 0 /tube 0.77 0.77 0.77 /drops_3 0 0 0
907	/_samplerate 60 /drops_1 0 0 0 /energy 0.9438192 0.9552624 0.9654577 /char1 0.277679 0.283028 0.2885256 /char2 0.181 0.181 0.181 /drops_2 0 0 0 /tube 0.77 0.77 0.77 /drops_3 0 0 0
910	/_samplerate 60 /drops_1 0 0 /energy 0.9743773 0.9819966 /char1 0.2941682 0.2999519 /char2 0.181 0.181 /drops_2 0 0 /tube 0.77 0.77 /drops_3 0 0
913	/_samplerate 60 /drops_1 0 0 0 /energy 0.9882948 0.9932546 0.9968625 /char1 0.3058727 0.3119265 0.3181092 /char2 0.181 0.181 0.181 /drops_2 0 0 0 /tube 0.77 0.77 0.77 /drops_3 0 0 0
916	/_samplerate 60 /drops_1 0 0 0 /energy 0.9991085 0.9999864 0.999494 /char1 0.3244165 0.3308443 0.3373879 /char2 0.181 0.181 0.181 /drops_2 0 0 0 /tube 0.77 0.77 0.77 /drops_3 0 0 0
918	/_samplerate 60 /drops_1 0 0 0 /energy 0.9976324 0.9944069 0.9898263 /char1 0.344043 0.350805 0.3576692 /char2 0.181 0.181 0.181 /drops_2 0 0 0 /tube 0.77 0.77 0.77 /drops_3 0 0 0
921	/_samplerate 60 /drops_1 0 0 /energy 0.9839031 0.9766535 /char1 0.3646309 0.3716855 /char2 0.181 0.181 /drops_2 0 0 /tube 0.77 0.77 /drops_3 0 0
924	/_samplerate 60 /drops_1 0 0 0 /energy 0.9680974 0.9582583 0.9471632 /char1 0.378828 0.3860535 0.3933571 /char2 0.181 0.181 0.181 /drops_2 0 0 0 /tube 0.77 0.77 0.77 /drops_3 0 0 0
927	/_samplerate 60 /drops_1 0 0 0 /energy 0.9348424 0.9213298 0.9066623 /char1 0.4007338 0.4081785 0.4156862 /char2 0.181 0.181 0.181 /drops_2 0 0 0 /tube 0.77 0.77 0.77 /drops_3 0 0 0
929	/_samplerate 60 /drops_1 0 0 0 /energy 0.8908802 0.8740267 0.8561481 /char1 0.4232517 0.4308697 0.4385352 /char2 0.181 0.181 0.181 /drops_2 0 0 0 /tube 0.77 0.77 0.77 /drops_3 0 0 0
932	/_samplerate 60 /drops_1 0 0 /energy 0.8372932 0.8175139 /char1 0.4462427 0.4539871 /char2 0.181 0.181 /drops_2 0 0 /tube 0.77 0.77 /drops_3 0 0
935	/_samplerate 60 /drops_1 0 0 0 /energy 0.7968642 0.7754009 0.7531828 /char1 0.461763 0.4695652 0.4773882 /char2 0.181 0.181 0.181 /drops_2 0 0 0 /tube 0.77 0.77 0.77 /drops_3 0 0 0
938	/_samplerate 60 /drops_1 0 0 0 /energy 0.7302706 0.7067274 0.6826174 /char1 0.4852267 0.4930753 0.5009286 /char2 0.181 0.181 0.181 /drops_2 0 0 0 /tube 0.77 0.77 0.77 /drops_3 0 0 0
940	/_samplerate 60 /drops_1 0 0 0 /energy 0.658007 0.6329635 0.6075555 /char1 0.5087814 0.5166281 0.5244634 /char2 0.181 0.181 0.181 /drops_2 0 0 0 /tube 0.77 0.77 0.77 /drops_3 0 0 0
943	/_samplerate 60 /drops_1 0 0 /energy 0.5818527 0.5559256 /char1 0.5322819 0.5400784 /char2 0.181 0.181 /drops_2 0 0 /tube 0.77 0.77 /drops_3 0 0
946	/_samplerate 60 /drops_1 0 0 0 /energy 0.5298452 0.503683 0.4775106 /char1 0.5478473 0.5555835 0.5632816 /char2 0.181 0.181 0.181 /drops_2 0 0 0 /tube 0.77 0.77 0.77 /drops_3 0 0 0
949	/_samplerate 60 /drops_1 0 0 0 /energy 0.4514 0.4254225 0.3996494 /char1 0.5709363 0.5785424 0.5860946 /char2 0.181 0.181 0.181 /drops_2 0 0 0 /tube 0.77 0.77 0.77 /drops_3 0 0 0
952	/_samplerate 60 /drops_1 0 0 0 /energy 0.3741515 0.3489984 0.3242592 /char1 0.5935879 0.601017 0.6083769 /char2 0.181 0.181 0.181 /drops_2 0 0 0 /tube 0.77 0.77 0.77 /drops_3 0 0 0
955	/_samplerate 60 /drops_1 0 0 0 /energy 0.3000017 0.2762924 0.2531963 /char1 0.6156625 0.6228688 0.6299909 /char2 0.181 0.181 0.181 /drops_2 0 0 0 /tube 0.77 0.77 0.77 /drops_3 0 0 0
957	/_samplerate 60 /drops_1 0 0 0 /energy 0.2307767 0.2090949 0.1882105 /char1 0.6370239 0.643963 0.6508035 /char2 0.181 0.181 0.181 /drops_2 0 0 0 /tube 0.77 0.77 0.77 /drops_3 0 0 0
960	/_samplerate 60 /drops_1 0 0 /energy 0.1681807 0.1490604 /char1 0.6575406 0.6641698 /char2 0.181 0.181 /drops_2 0 0 /tube 0.77 0.77 /drops_3 0 0
963	/_samplerate 60 /drops_1 0 0 0 /energy 0.1309021 0.1137553 0.09766727 /char1 0.6706864 0.6770861 0.6833643 /char2 0.181 0.181 0.181 /drops_2 0 0 0 /tube 0.77 0.77 0.77 /drops_3 0 0 0
965	/_samplerate 60 /drops_1 0 0 0 /energy 0.08268198 0.06884053 0.05618085 /char1 0.6895169 0.6955397 0.7014284 /char2 0.181 0.181 0.181 /drops_2 0 0 0 /tube 0.77 0.77 0.77 /drops_3 0 0 0
968	/_samplerate 60 /drops_1 0 0 /energy 0.04473766 0.0345423 /char1 0.707179 0.7127877 /char2 0.181 0.181 /drops_2 0 0 /tube 0.77 0.77 /drops_3 0 0
971	/_samplerate 60 /drops_1 0 0 0 /energy 0.02562274 0.01800341 0.0117052 /char1 0.7182505 0.7235638 0.7287238 /char2 0.181 0.181 0.181 /drops_2 0 0 0 /tube 0.77 0.77 0.77 /drops_3 0 0 0
973	/_samplerate 60 /drops_1 0 0 0 /energy 0.006745369 0.003137517 0.0008915297 /char1 0.7337271 0.7385702 0.7432498 /char2 0.181 0.181 0.181 /drops_2 0 0 0 /tube 0.77 0.77 0.77 /drops_3 0 0 0
976	/_samplerate 60 /drops_1 0 0 /energy 1.356438e-05 0.0005060271 /char1 0.7477627 0.7521058 /char2 0.181 0.181 /drops_2 0 0 /tube 0.77 0.77 /drops_3 0 0
979	/_samplerate 60 /drops_1 0 0 0 /energy 0.002367568 0.005593085 0.01017374 /char1 0.7562761 0.7602707 0.764087 /char2 0.181 0.181 0.181 /drops_2 0 0 0 /tube 0.77 0.77 0.77 /drops_3 0 0 0
982	/_samplerate 60 /drops_1 0 0 0 /energy 0.01609697 0.02334655 0.0319026 /char1 0.7677223 0.7711741 0.7744401 /char2 0.181 0.181 0.181 /drops_2 0 0 0 /tube 0.77 0.77 0.77 /drops_3 0 0 0
985	/_samplerate 60 /drops_1 0 0 0 /energy 0.04174167 0.05283679 0.06515756 /char1 0.7775179 0.7804056 0.7831011 /char2 0.181 0.181 0.181 /drops_2 0 0 0 /tube 0.77 0.77 0.77 /drops_3 0 0 0
988	/_samplerate 60 /drops_1 0 0 0 /energy 0.07867021 0.09333768 0.1091198 /char1 0.7856026 0.7879083 0.7900167 /char2 0.181 0.181 0.181 /drops_2 0 0 0 /tube 0.77 0.77 0.77 /drops_3 0 0 0
990	/_samplerate 60 /drops_1 0 0 0 /energy 0.1259733 0.143852 0.1627068 /char1 0.7919264 0.793636 0.7951443 /char2 0.181 0.181 0.181 /drops_2 0 0 0 /tube 0.77 0.77 0.77 /drops_3 0 0 0
993	/_samplerate 60 /drops_1 0 0 /energy 0.1824861 0.2031358 /char1 0.7964504 0.7975532 /char2 0.181 0.181 /drops_2 0 0 /tube 0.77 0.77 /drops_3 0 0
996	/_samplerate 60 /drops_1 0 0 0 /energy 0.2245991 0.2468172 0.2697294 /char1 0.7984522 0.7991467 0.7996361 /char2 0.181 0.181 0.181 /drops_2 0 0 0 /tube 0.77 0.77 0.77 /drops_3 0 0 0
999	/_samplerate 60 /drops_1 0 0 0 /energy 0.2932726 0.3173825 0.341993 /char1 0.7999201 0.7999986 0.7998714 /char2 0.181 0.181 0.181 /drops_2 0 0 0 /tube 0.77 0.77 0.77 /drops_3 0 0 0
1001	/_samplerate 60 /drops_1 0 0 0 /energy 0.3670365 0.3924445 0.4181473 /char1 0.7995389 0.7990009 0.7982581 /char2 0.181 0.181 0.181 /drops_2 0 0 0 /tube 0.77 0.77 0.77 /drops_3 0 0 0
1004	/_samplerate 60 /drops_1 0 0 /energy 0.4440744 0.4701548 /char1 0.7973108 0.7961598 /char2 0.181 0.181 /drops_2 0 0 /tube 0.77 0.77 /drops_3 0 0
1007	/_samplerate 60 /drops_1 0 0 0 /energy 0.496317 0.5224894 0.5486 /char1 0.7948058 0.7932498 0.7914928 /char2 0.181 0.181 0.181 /drops_2 0 0 0 /tube 0.77 0.77 0.77 /drops_3 0 0 0
1010	/_samplerate 60 /drops_1 0 0 0 /energy 0.5745775 0.6003506 0.6258485 /char1 0.789536 0.7873808 0.7850286 /char2 0.181 0.181 0.181 /drops_2 0 0 0 /tube 0.77 0.77 0.77 /drops_3 0 0 0
