# Wed Feb 23 23:58:01 2022:Opening File
# Wed Feb 23 23:58:01 2022:
0 1 0 0 0 0 0 0 0 50 0 0 0 0 -0.16 0.14 0
0 1 0 0 0 0 0 0 0 50 0 0 0 0 -0.16 0.14 0
0 1 0 0 0 0 0 0 0 90 0 0 0 0 -0.16 0.14 0
0 1 0 0 0 0 0 0 0 90 0 0 0 0 -0.16 0.14 0
0 1 0 0 0 0 0 0 0 90 0 0 0 0 -0.16 0.14 0
0 1 0 0 0 0 0 0 0 90 0 0 0 0 -0.16 0.14 0
0 1 0 0 0 0 0 0 0 90 0 0 0 0 -0.16 0.14 0
0 1 0 0 0 0 0 0 0 90 0 0 0 0 -0.16 0.14 0
0 1 0 0 0 0 0 0 0 90 0 0 0 0 -0.16 0.14 0
0 1 0 0 0 0 0 0 0 90 0 0 0 0 -0.16 0.14 0
0 1 0 0 0 0 0 0 0 90 0 0 0 0 -0.16 0.14 0
0 1 0 0 0 0 0 0 0 90 0 0 0 0 -0.16 0.14 0
0 1 0 0 0 0 0 0 0 90 0 0 0 0 -0.16 0.14 0
0 1 0 0 0 0 0 0 0 90 0 0 0 0 -0.16 0.14 0
0 1 0 0 0 0 0 0 0 90 0 0 0 0 -0.16 0.14 0
0 1 0 0 0 0 0 0 0 90 0 0 0 0 -0.16 0.14 0
0 1 0 0 0 0 0 0 0 90 0 0 0 0 -0.16 0.14 0
0 1 0 0 0 0 0 0 0 90 0 0 0 0 -0.16 0.14 0
0 1 0 0 0 0 0 0 0 90 0 0 0 0 -0.16 0.14 0
0 1 0 0 0 0 0 0 0 90 0 0 0 0 -0.16 0.14 0
0 1 0 0 0 0 0 0 0 90 0 0 0 0 -0.16 0.14 0
0 1 0 0 0 0 0 0 0 90 0 0 0 0 -0.16 0.14 0
0 1 0 0 0 0 0 0 0 90 0 0 0 0 -0.16 0.14 0
0 1 0 0 0 0 0 0 0 90 0 0 0 0 -0.16 0.14 0
0 1 0 0 0 0 0 0 0 90 0 0 0 0 -0.16 0.14 0
0 1 0 0 0 0 0 0 0 90 0 0 0 0 -0.16 0.14 0
0 1 0 0 0 0 0 0 0 90 0 0 0 0 -0.16 0.14 0
0 1 0 0 0 0 0 0 0 90 0 0 0 0 -0.16 0.14 0
0 1 0 0 0 0 0 0 0 90 0 0 0 0 -0.16 0.14 0
0 1 0 0 0 0 0 0 0 90 0 0 0 0 -0.16 0.14 0
0 1 0 0 0 0 0 0 0 90 0 0 0 0 -0.16 0.14 0
0 1 0 0 0 0 0 0 0 90 0 0 0 0 -0.16 0.14 0
0 1 0 0 0 0 0 0 0 90 0 0 0 0 -0.16 0.14 0
0 1 0 0 0 0 0 0 0 90 0 0 0 0 -0.16 0.14 0
0 1 0 0 0 0 0 0 0 90 0 0 0 0 -0.16 0.14 0
0 1 0 0 0 0 0 0 0 90 0 0 0 0 -0.16 0.14 0
0 1 0 0 0 0 0 0 0 90 0 0 0 0 -0.16 0.14 0
0 1 0 0 0 0 0 0 0 90 0 0 0 0 -0.16 0.14 0
0 1 0 0 0 0 0 0 0 90 0 0 0 0 -0.16 0.14 0
0 1 0 0 0 0 0 0 0 90 0 0 0 0 -0.16 0.14 0
0 1 0 0 0 0 0 0 0 90 0 0 0 0 -0.16 0.14 0
0 1 0 0 0 0 0 0 0 90 0 0 0 0 -0.16 0.14 0
0 1 0 0 0 0 0 0 0 90 0 0 0 0 -0.16 0.14 0
0 1 0 0 0 0 0 0 0 90 0 0 0 0 -0.16 0.14 0
0 1 0 0 0 0 0 0 0 90 0 0 0 0 -0.16 0.14 0
0 1 0 0 0 0 0 0 0 90 0 0 0 0 -0.16 0.14 0
0 1 0 0 0 0 0 0 0 90 0 0 0 0 -0.16 0.14 0
0 1 0 0 0 0 0 0 0 90 0 0 0 0 -0.16 0.14 0
0 1 0 0 0 0 0 0 0 90 0 0 0 0 -0.16 0.14 0
0 1 0 0 0 0 0 0 0 90 0 0 0 0 -0.16 0.14 0
0 1 0 0 0 0 0 0 0 90 0 0 0 0 -0.16 0.14 0
0 1 0 0 0 0 0 0 0 90 0 0 0 0 -0.16 0.14 0
0 1 0 0 0 0 0 0 0 90 0 0 0 0 -0.16 0.14 0
0 1 0 0 0 0 0 0 0 90 0 0 0 0 -0.16 0.14 0
0 1 0 0 0 0 0 0 0 90 0 0 0 0 -0.16 0.14 0
0 1 0 0 0 0 0 0 0 90 0 0 0 0 -0.16 0.14 0
0 1 0 0 0 0 0 0 0 90 0 0 0 0 -0.16 0.14 0
0 1 0 0 0 0 0 0 0 90 0 0 0 0 -0.16 0.14 0
0 1 0 0 0 0 0 0 0 90 0 0 0 0 -0.16 0.14 0
0 1 0 0 0 0 0 0 0 90 0 0 0 0 -0.16 0.14 0
0 1 0 0 0 0 0 0 0 90 0 0 0 0 -0.16 0.14 0
0 1 0 0 0 0 0 0 0 90 0 0 0 0 -0.16 0.14 0
0 1 0 0 0 0 0 0 0 90 0 0 0 0 -0.16 0.14 0
0 1 0 0 0 0 0 0 0 90 0 0 0 0 -0.16 0.14 0
0 1 0 0 0 0 0 0 0 90 0 0 0 0 -0.16 0.14 0
0 1 0 0 0 0 0 0 0 90 0 0 0 0 -0.16 0.14 0
0 1 0 0 0 0 0 0 0 90 0 0 0 0 -0.16 0.14 0
0 1 0 0 0 0 0 0 0 90 0 0 0 0 -0.16 0.14 0
0 1 0 0 0 0 0 0 0 90 0 0 0 0 -0.16 0.14 0
0 1 0 0 0 0 0 0 0 90 0 0 0 0 -0.16 0.14 0
0 1 0 0 0 0 0 0 0 90 0 0 0 0 -0.16 0.14 0
0 1 0 0 0 0 0 0 0 90 0 0 0 0 -0.16 0.14 0
0 1 0 0 0 0 0 0 0 90 0 0 0 0 -0.16 0.14 0
0 1 0 0 0 0 0 0 0 90 0 0 0 0 -0.16 0.14 0
0 1 0 0 0 0 0 0 0 90 0 0 0 0 -0.16 0.14 0
0 1 0 0 0 0 0 0 0 50 0 0 0 0 -0.16 0.14 0
# Wed Feb 23 23:58:01 2022:Closing File
# Wed Feb 23 23:58:01 2022:
0 1 0 0 0 0 0 0 0 50 0 0 0 0 -0.16 0.14 0
0 1 0 0 0 0 0 0 0 50 0 0 0 0 -0.16 0.14 0
0 1 0 0 0 0 0 0 0 90 0 0 0 0 -0.16 0.14 0
0 1 0 0 0 0 0 0 0 90 0 0 0 0 -0.16 0.14 0
0 1 0 0 0 0 0 0 0 90 0 0 0 0 -0.16 0.14 0
0 1 0 0 0 0 0 0 0 90 0 0 0 0 -0.16 0.14 0
0 1 0 0 0 0 0 0 0 90 0 0 0 0 -0.16 0.14 0
0 1 0 0 0 0 0 0 0 90 0 0 0 0 -0.16 0.14 0
0 1 0 0 0 0 0 0 0 90 0 0 0 0 -0.16 0.14 0
0 1 0 0 0 0 0 0 0 90 0 0 0 0 -0.16 0.14 0
0 1 0 0 0 0 0 0 0 90 0 0 0 0 -0.16 0.14 0
0 1 0 0 0 0 0 0 0 90 0 0 0 0 -0.16 0.14 0
0 1 0 0 0 0 0 0 0 90 0 0 0 0 -0.16 0.14 0
0 1 0 0 0 0 0 0 0 90 0 0 0 0 -0.16 0.14 0
0 1 0 0 0 0 0 0 0 90 0 0 0 0 -0.16 0.14 0
0 1 0 0 0 0 0 0 0 90 0 0 0 0 -0.16 0.14 0
0 1 0 0 0 0 0 0 0 90 0 0 0 0 -0.16 0.14 0
0 1 0 0 0 0 0 0 0 90 0 0 0 0 -0.16 0.14 0
0 1 0 0 0 0 0 0 0 90 0 0 0 0 -0.16 0.14 0
0 1 0 0 0 0 0 0 0 90 0 0 0 0 -0.16 0.14 0
0 1 0 0 0 0 0 0 0 90 0 0 0 0 -0.16 0.14 0
0 1 0 0 0 0 0 0 0 90 0 0 0 0 -0.16 0.14 0
0 1 0 0 0 0 0 0 0 90 0 0 0 0 -0.16 0.14 0
0 1 0 0 0 0 0 0 0 90 0 0 0 0 -0.16 0.14 0
0 1 0 0 0 0 0 0 0 90 0 0 0 0 -0.16 0.14 0
0 1 0 0 0 0 0 0 0 90 0 0 0 0 -0.16 0.14 0
0 1 0 0 0 0 0 0 0 90 0 0 0 0 -0.16 0.14 0
0 1 0 0 0 0 0 0 0 90 0 0 0 0 -0.16 0.14 0
0 1 0 0 0 0 0 0 0 90 0 0 0 0 -0.16 0.14 0
0 1 0 0 0 0 0 0 0 90 0 0 0 0 -0.16 0.14 0
0 1 0 0 0 0 0 0 0 90 0 0 0 0 -0.16 0.14 0
0 1 0 0 0 0 0 0 0 90 0 0 0 0 -0.16 0.14 0
0 1 0 0 0 0 0 0 0 90 0 0 0 0 -0.16 0.14 0
0 1 0 0 0 0 0 0 0 90 0 0 0 0 -0.16 0.14 0
0 1 0 0 0 0 0 0 0 90 0 0 0 0 -0.16 0.14 0
0 1 0 0 0 0 0 0 0 90 0 0 0 0 -0.16 0.14 0
0 1 0 0 0 0 0 0 0 90 0 0 0 0 -0.16 0.14 0
0 1 0 0 0 0 0 0 0 90 0 0 0 0 -0.16 0.14 0
0 1 0 0 0 0 0 0 0 90 0 0 0 0 -0.16 0.14 0
0 1 0 0 0 0 0 0 0 90 0 0 0 0 -0.16 0.14 0
0 1 0 0 0 0 0 0 0 90 0 0 0 0 -0.16 0.14 0
0 1 0 0 0 0 0 0 0 90 0 0 0 0 -0.16 0.14 0
0 1 0 0 0 0 0 0 0 90 0 0 0 0 -0.16 0.14 0
0 1 0 0 0 0 0 0 0 90 0 0 0 0 -0.16 0.14 0
0 1 0 0 0 0 0 0 0 90 0 0 0 0 -0.16 0.14 0
0 1 0 0 0 0 0 0 0 90 0 0 0 0 -0.16 0.14 0
0 1 0 0 0 0 0 0 0 90 0 0 0 0 -0.16 0.14 0
0 1 0 0 0 0 0 0 0 90 0 0 0 0 -0.16 0.14 0
0 1 0 0 0 0 0 0 0 90 0 0 0 0 -0.16 0.14 0
0 1 0 0 0 0 0 0 0 90 0 0 0 0 -0.16 0.14 0
0 1 0 0 0 0 0 0 0 90 0 0 0 0 -0.16 0.14 0
0 1 0 0 0 0 0 0 0 90 0 0 0 0 -0.16 0.14 0
0 1 0 0 0 0 0 0 0 90 0 0 0 0 -0.16 0.14 0
0 1 0 0 0 0 0 0 0 90 0 0 0 0 -0.16 0.14 0
0 1 0 0 0 0 0 0 0 90 0 0 0 0 -0.16 0.14 0
0 1 0 0 0 0 0 0 0 90 0 0 0 0 -0.16 0.14 0
0 1 0 0 0 0 0 0 0 90 0 0 0 0 -0.16 0.14 0
0 1 0 0 0 0 0 0 0 90 0 0 0 0 -0.16 0.14 0
0 1 0 0 0 0 0 0 0 90 0 0 0 0 -0.16 0.14 0
0 1 0 0 0 0 0 0 0 90 0 0 0 0 -0.16 0.14 0
0 1 0 0 0 0 0 0 0 90 0 0 0 0 -0.16 0.14 0
0 1 0 0 0 0 0 0 0 90 0 0 0 0 -0.16 0.14 0
0 1 0 0 0 0 0 0 0 90 0 0 0 0 -0.16 0.14 0
0 1 0 0 0 0 0 0 0 90 0 0 0 0 -0.16 0.14 0
0 1 0 0 0 0 0 0 0 90 0 0 0 0 -0.16 0.14 0
0 1 0 0 0 0 0 0 0 90 0 0 0 0 -0.16 0.14 0
0 1 0 0 0 0 0 0 0 90 0 0 0 0 -0.16 0.14 0
0 1 0 0 0 0 0 0 0 90 0 0 0 0 -0.16 0.14 0
0 1 0 0 0 0 0 0 0 90 0 0 0 0 -0.16 0.14 0
0 1 0 0 0 0 0 0 0 90 0 0 0 0 -0.16 0.14 0
0 1 0 0 0 0 0 0 0 90 0 0 0 0 -0.16 0.14 0
0 1 0 0 0 0 0 0 0 90 0 0 0 0 -0.16 0.14 0
0 1 0 0 0 0 0 0 0 90 0 0 0 0 -0.16 0.14 0
0 1 0 0 0 0 0 0 0 90 0 0 0 0 -0.16 0.14 0
0 1 0 0 0 0 0 0 0 90 0 0 0 0 -0.16 0.14 0
