88393	/body/1/gyro/1/ 0.6379747 0.1625686 -0.4560459 -0.5988171 -81.69854 -22.78 -57.35148 38.26904 -22.97974 -1.358032
88393	/body/1/gyro/2/ -0.2525753 -0.5765429 0.5969425 0.4974572 -77.54068 15.78718 -115.6265 30.34973 -23.36121 -5.249023
88394	/body/1/gyro/3/ -0.02157152 -0.4656693 0.07482357 0.8815261 -10.787 54.86229 -17.84422 1.052856 1.449585 -1.113892
88394	/body/1/gyro/4/ -0.3150406 0.08691014 -0.1226388 -0.9370996 35.89421 13.89594 -12.92118 -2.700806 -0.3051758 1.754761
88394	/body/1/gyro/5/ 0.3331654 -0.7917708 -0.2521435 -0.4455597 167.8555 -60.87657 138.9823 11.74927 -0.2441406 -7.675171
88394	/body/1/gyro/6/ 0.9738605 -0.209952 0.04402403 0.07468461 172.6541 6.725163 21.36988 -0.1220703 1.480103 0.9765625
88396	/body/1/gyro/1/ 0.6148427 0.1388477 -0.4547924 -0.629169 -77.14489 -22.61483 -56.13161 79.97131 -60.95886 -8.789062
88396	/body/1/gyro/2/ -0.243458 -0.5445214 0.6197549 0.510028 -72.65026 14.69501 -114.4563 56.28967 -10.3302 3.707886
88396	/body/1/gyro/3/ -0.02233629 -0.4663975 0.07458612 0.8811421 -10.93301 54.94419 -17.90399 0.6103516 1.937866 -0.3967285
88396	/body/1/gyro/4/ -0.3281434 0.09058118 -0.1118831 -0.9335948 37.63824 14.03766 -11.39231 -2.868652 -0.3967285 1.754761
88396	/body/1/gyro/5/ 0.3291457 -0.7920739 -0.2526936 -0.4476918 167.3752 -61.11084 139.8121 7.385254 7.400513 -4.577637
88396	/body/1/gyro/6/ 0.9741681 -0.209642 0.04453101 0.07115936 173.062 6.695767 21.35343 1.419067 -1.953125 4.364014
88398	/body/1/gyro/1/ 0.584627 0.1153365 -0.4616956 -0.6570737 -71.66993 -22.84692 -56.11403 88.37891 -30.04456 -1.754761
88398	/body/1/gyro/2/ -0.2232549 -0.5096782 0.6415438 0.5280218 -66.83087 14.58327 -113.2688 80.96313 -4.013062 15.44189
88398	/body/1/gyro/3/ -0.02273587 -0.4667337 0.07388622 0.8810128 -10.9549 54.98851 -17.83185 0.09155273 0.4577637 -0.2746582
88398	/body/1/gyro/4/ -0.3277831 0.0960248 -0.1017771 -0.9343334 37.71952 14.2504 -10.07336 -2.822876 -0.4577637 1.754761
88398	/body/1/gyro/5/ 0.3291642 -0.7914742 -0.2540218 -0.4479871 167.1421 -61.20755 139.9325 -1.968384 -0.3967285 1.068115
88398	/body/1/gyro/6/ 0.9742249 -0.208867 0.04750149 0.07073971 173.1726 7.013583 21.25237 -1.12915 -8.255005 3.799438
88400	/body/1/gyro/1/ 0.5307648 0.1210276 -0.4762008 -0.6905606 -64.35406 -19.77622 -59.19152 106.4758 51.97144 19.72961
88400	/body/1/gyro/2/ -0.2020212 -0.4567957 0.6681421 0.5514629 -58.97982 13.52408 -111.1323 120.8038 -23.48328 16.93726
88400	/body/1/gyro/3/ -0.02335516 -0.4667728 0.07347204 0.8810105 -11.027 54.98798 -17.81609 -0.1525879 0.6103516 -0.7019043
88400	/body/1/gyro/4/ -0.317543 0.0997875 -0.09345234 -0.9383366 36.56059 14.27752 -9.166833 -2.5177 -0.2746582 1.983643
88400	/body/1/gyro/5/ 0.3297516 -0.7914657 -0.253349 -0.4479511 167.344 -61.18259 139.7354 0 -0.289917 0.793457
88400	/body/1/gyro/6/ 0.9738678 -0.2086529 0.05331762 0.07213022 173.1474 7.697849 21.19422 -3.326416 -13.73291 1.922607
88402	/body/1/gyro/1/ 0.4810923 0.1128828 -0.4727304 -0.729612 -57.68247 -16.8659 -59.07518 161.4685 -12.37488 36.91101
88403	/body/1/gyro/2/ -0.176862 -0.4031255 0.6945208 0.5690786 -51.18379 12.30711 -109.7807 170.8832 -8.224487 12.02393
88403	/body/1/gyro/3/ -0.02372103 -0.4670332 0.07323438 0.8808825 -11.08158 55.01762 -17.81901 0.3662109 1.083374 -0.7476807
88403	/body/1/gyro/4/ -0.3025582 0.09091399 -0.1029225 -0.9431862 34.59387 13.51958 -10.75738 -0.9002686 0.3509521 1.800537
88403	/body/1/gyro/5/ 0.3308968 -0.7907142 -0.2541108 -0.4480023 167.3489 -61.24116 139.5613 -2.883911 -0.50354 4.364014
88403	/body/1/gyro/6/ 0.9732182 -0.2093238 0.05891692 0.07455666 173.0065 8.388879 21.23345 -5.355835 -14.41956 -0.5950928
88405	/body/1/gyro/1/ 0.4268918 0.06882353 -0.4753801 -0.7661857 -48.97633 -17.48214 -58.1531 214.5386 -58.85315 42.32788
88405	/body/1/gyro/2/ -0.1377971 -0.3552588 0.7178779 0.5826272 -43.38261 12.48147 -109.386 206.4514 10.75745 6.866455
88405	/body/1/gyro/3/ -0.02445613 -0.4663951 0.0746424 0.8810823 -11.30704 54.90641 -18.10299 0.5645752 0.09155273 -0.6866455
88405	/body/1/gyro/4/ -0.3123413 0.09372642 -0.1052864 -0.9394536 35.76617 13.99716 -10.78251 -1.495361 0.2593994 1.815796
88405	/body/1/gyro/5/ 0.3340292 -0.7894685 -0.2556018 -0.4470253 167.4051 -61.23273 139.0759 -8.163452 -1.953125 11.33728
88405	/body/1/gyro/6/ 0.9722142 -0.2103396 0.06499966 0.07957219 172.586 9.198861 21.28843 -5.371094 -13.90076 -1.480103
88407	/body/1/gyro/1/ 0.3659852 0.03287775 -0.4679311 -0.8037502 -40.30226 -16.83764 -56.72713 240.2954 -11.79504 48.15674
88407	/body/1/gyro/2/ -0.09424366 -0.295171 0.7376446 0.599894 -34.1723 12.42174 -108.1218 253.6469 -26.80969 10.11658
88407	/body/1/gyro/3/ -0.02417535 -0.4656775 0.0751723 0.8814245 -11.27147 54.81387 -18.13747 0.7629395 -1.052856 -0.3814697
88407	/body/1/gyro/4/ -0.3073084 0.09211298 -0.114401 -0.9402069 35.03481 14.09458 -11.93586 -1.022339 0.3814697 1.89209
88407	/body/1/gyro/5/ 0.3376088 -0.7882976 -0.2552345 -0.4466123 167.9101 -61.2189 138.2714 -6.866455 -0.3051758 11.12366
88407	/body/1/gyro/6/ 0.9716495 -0.2106887 0.06937535 0.08182047 172.4339 9.746795 21.29276 -0.9918213 -12.39014 0.8544922
88409	/body/1/gyro/1/ 0.3168568 -0.002396627 -0.4564823 -0.8313963 -33.28538 -17.05348 -54.93618 264.2059 -29.22058 42.17529
88409	/body/1/gyro/2/ -0.05359608 -0.2402929 0.7544034 0.6084918 -25.95651 12.21416 -107.5767 282.8064 -18.64624 5.126953
88409	/body/1/gyro/3/ -0.02355372 -0.4644617 0.0753638 0.8820662 -11.12251 54.66869 -18.05945 0.8392334 -1.022339 -0.07629395
88409	/body/1/gyro/4/ -0.3141603 0.09152796 -0.1157936 -0.9378261 35.86155 14.14816 -12.00834 -0.7476807 0.6713867 1.815796
88409	/body/1/gyro/5/ 0.3394022 -0.7877179 -0.2541212 -0.4469106 168.3738 -61.23223 137.7462 -2.120972 3.005981 8.300781
88409	/body/1/gyro/6/ 0.971772 -0.2096656 0.0717559 0.08093608 172.5784 9.985548 21.17128 3.860474 -8.499146 5.981445
88412	/body/1/gyro/1/ 0.265928 -0.05445273 -0.4452516 -0.8532692 -25.42551 -19.25271 -53.26028 280.2277 -61.12671 17.12036
88412	/body/1/gyro/2/ 0.01009818 -0.1846083 0.7694137 0.6114086 -16.26049 13.96219 -107.5901 304.3365 20.47729 15.45715
88412	/body/1/gyro/3/ -0.02296535 -0.4643813 0.07655288 0.8820217 -11.12369 54.65392 -18.21209 0.869751 0.1678467 -0.1220703
88412	/body/1/gyro/4/ -0.3196142 0.09071336 -0.1149521 -0.9361644 36.54575 14.08292 -11.85962 0.07629395 1.098633 1.708984
88412	/body/1/gyro/5/ 0.3407206 -0.7863961 -0.2540538 -0.4482715 168.6549 -61.42127 137.3722 -1.342773 5.615234 5.630493
88412	/body/1/gyro/6/ 0.9726408 -0.2067131 0.0723538 0.077489 172.9538 9.949755 20.85272 4.501343 -5.615234 9.44519
88414	/body/1/gyro/1/ 0.2052225 -0.1294188 -0.4412871 -0.8639446 -15.24069 -23.87517 -53.40379 286.2244 -80.16968 -46.00525
88414	/body/1/gyro/2/ 0.0774359 -0.1179668 0.7772557 0.6131566 -5.26138 15.36928 -106.7025 303.3142 -3.005981 26.94702
88414	/body/1/gyro/3/ -0.02315653 -0.4655988 0.07780596 0.8812649 -11.32885 54.78841 -18.50589 0.7629395 0.9307861 -0.1068115
88414	/body/1/gyro/4/ -0.3169916 0.08772071 -0.1170089 -0.9370861 36.20137 13.80306 -12.23346 -0.01525879 0.9307861 1.403809
88414	/body/1/gyro/5/ 0.3415287 -0.7929115 -0.2512411 -0.4376385 168.5384 -59.95464 137.4903 0.213623 -12.02393 -2.426147
88414	/body/1/gyro/6/ 0.9732417 -0.2050506 0.07136779 0.07524303 173.1704 9.774649 20.68041 -0.4730225 -3.463745 7.324219
88416	/body/1/gyro/1/ 0.1595318 -0.203885 -0.4472167 -0.8561412 -5.985984 -29.45891 -56.1168 283.5999 -123.6572 -109.6954
88417	/body/1/gyro/2/ 0.1267031 -0.06200973 0.7787638 0.6112512 3.475297 15.85183 -105.7893 297.2717 -8.499146 35.2478
88417	/body/1/gyro/3/ -0.02275825 -0.4645985 0.07847253 0.8817439 -11.27091 54.6608 -18.54023 0.5340576 0.213623 -0.1068115
88417	/body/1/gyro/4/ -0.3207777 0.09095359 -0.1180117 -0.9353621 36.65123 14.23267 -12.17591 -0.6561279 0.7019043 1.312256
88417	/body/1/gyro/5/ 0.344393 -0.794863 -0.2481738 -0.4335851 169.1622 -59.3413 136.8053 -2.731323 5.630493 6.225586
88417	/body/1/gyro/6/ 0.9735067 -0.2044821 0.06907823 0.07549725 173.0847 9.51884 20.61825 -3.982544 -0.5340576 3.723145
88419	/body/1/gyro/1/ 0.1175828 -0.2880446 -0.4634987 -0.8296828 5.095322 -35.9423 -62.56315 263.5803 -150.3754 -171.4478
88419	/body/1/gyro/2/ 0.187454 -0.01509042 0.7698957 0.609831 12.46361 17.88125 -103.7964 279.9988 36.59058 66.72668
88419	/body/1/gyro/3/ -0.02228913 -0.4646451 0.07894141 0.8816895 -11.23419 54.66915 -18.58324 0.2441406 1.083374 -0.4119873
88419	/body/1/gyro/4/ -0.333158 0.09208959 -0.1075793 -0.9321759 38.31244 14.08548 -10.78158 -0.8392334 0.5645752 1.205444
88419	/body/1/gyro/5/ 0.3416643 -0.7931232 -0.2494916 -0.4381495 168.9095 -59.93959 137.2675 2.410889 11.18469 -1.77002
88419	/body/1/gyro/6/ 0.9731493 -0.2058936 0.0669627 0.07812997 172.7518 9.352171 20.76866 -5.53894 0.8544922 -2.059937
88421	/body/1/gyro/1/ 0.06754112 -0.3761258 -0.4898205 -0.7836093 20.3529 -40.96799 -74.22021 226.5778 -119.2627 -208.4961
88421	/body/1/gyro/2/ 0.2499046 0.03077818 0.7489812 0.6128846 21.97935 19.67113 -100.0872 259.613 43.04504 100.2045
88421	/body/1/gyro/3/ -0.02209023 -0.4653784 0.07859179 0.881339 -11.20414 54.76971 -18.53902 -0.03051758 1.815796 -0.289917
88421	/body/1/gyro/4/ -0.3347965 0.0961315 -0.09824305 -0.9322115 38.63404 14.18258 -9.56828 -1.937866 0.1220703 1.205444
88421	/body/1/gyro/5/ 0.3381233 -0.7918338 -0.2503047 -0.4427408 168.6369 -60.5077 137.866 4.28772 11.97815 -6.378174
88422	/body/1/gyro/6/ 0.9726093 -0.2075695 0.06619484 0.08102106 172.4221 9.346137 20.94378 -5.355835 -0.6561279 -3.356934
88423	/body/1/gyro/1/ 0.01438222 -0.4248122 -0.5224834 -0.7391474 33.49605 -40.01788 -85.5482 185.6995 -43.24341 -242.5995
88424	/body/1/gyro/2/ 0.309498 0.07010753 0.719806 0.617394 31.17099 21.03812 -95.35937 237.1674 52.97852 121.7651
88424	/body/1/gyro/3/ -0.02255468 -0.4663551 0.0785609 0.8808135 -11.33003 54.88508 -18.62124 -0.2746582 1.571655 -0.2288818
88424	/body/1/gyro/4/ -0.325589 0.09777653 -0.09082159 -0.9360465 37.58447 14.0157 -8.823409 -3.78418 -0.5645752 1.00708
88424	/body/1/gyro/5/ 0.3308286 -0.7899905 -0.2536841 -0.4495684 167.5222 -61.42138 139.4555 10.31494 17.89856 -9.765625
88424	/body/1/gyro/6/ 0.9720431 -0.2088631 0.06711394 0.0836907 172.1518 9.52251 21.06884 -3.219604 -3.112793 -2.227783
88426	/body/1/gyro/1/ -0.03690317 -0.4497352 -0.5498291 -0.7028972 42.67162 -36.27449 -93.18012 153.8849 16.20483 -242.8589
88426	/body/1/gyro/2/ 0.3729883 0.1307321 0.6764559 0.6214468 42.96777 20.00695 -89.44112 201.3245 50.50659 125.2594
88426	/body/1/gyro/3/ -0.02305412 -0.4671697 0.07846808 0.8803771 -11.44896 54.98011 -18.68855 -0.5187988 0.9002686 -0.213623
88426	/body/1/gyro/4/ -0.305332 0.09258354 -0.1007085 -0.9423686 34.96022 13.65026 -10.4127 -4.013062 -0.6561279 1.037598
88426	/body/1/gyro/5/ 0.3260692 -0.7894641 -0.256505 -0.4523611 166.5273 -61.82656 140.6776 4.928589 2.792358 -4.653931
88426	/body/1/gyro/6/ 0.9713096 -0.2094364 0.07228536 0.08642281 171.9634 10.17313 21.08944 -1.63269 -6.912231 -0.9155273
88428	/body/1/gyro/1/ -0.1131272 -0.4479135 -0.5799634 -0.6709831 49.51203 -28.02556 -97.33665 148.2239 73.74573 -231.2622
88428	/body/1/gyro/2/ 0.4259617 0.1915485 0.6298858 0.6205721 53.79098 17.39005 -84.51215 162.7502 12.26807 129.9133
88428	/body/1/gyro/3/ -0.02336035 -0.4666808 0.07849025 0.8806263 -11.4798 54.91256 -18.69611 -0.2441406 0.8544922 -0.09155273
88428	/body/1/gyro/4/ -0.3129976 0.09180012 -0.1058342 -0.9393638 35.84077 13.81096 -10.90064 -3.585815 -0.579834 1.083374
88428	/body/1/gyro/5/ 0.3237708 -0.7857335 -0.2591851 -0.4589319 166.0826 -62.75154 141.194 0.9002686 6.149292 -0.7171631
88429	/body/1/gyro/6/ 0.97058 -0.2102235 0.07745064 0.08821532 171.884 10.80307 21.1438 0.6866455 -4.760742 -1.113892
88430	/body/1/gyro/1/ -0.2131679 -0.443949 -0.6081643 -0.6225792 57.40745 -17.06789 -100.5824 136.0321 72.49451 -234.8328
88431	/body/1/gyro/2/ 0.4428515 0.263332 0.58046 0.6305593 61.50729 10.48757 -81.54048 142.7307 -4.40979 133.8654
88431	/body/1/gyro/3/ -0.0230655 -0.4670044 0.07805407 0.8805012 -11.40502 54.96437 -18.60864 0.04577637 0.04577637 0.7019043
88431	/body/1/gyro/4/ -0.3098084 0.08978453 -0.1150218 -0.9395358 35.33809 13.88542 -12.04661 -3.433228 -0.5493164 1.00708
88431	/body/1/gyro/5/ 0.3234546 -0.7847795 -0.26071 -0.4599223 165.7901 -62.94003 141.3966 -1.678467 3.860474 1.983643
88431	/body/1/gyro/6/ 0.9702164 -0.2112018 0.08121531 0.08647569 172.1787 11.19335 21.26411 3.173828 -0.5340576 -0.6866455
88433	/body/1/gyro/1/ -0.2967085 -0.4392963 -0.6275494 -0.570232 63.79189 -7.388883 -102.6117 125.6256 54.07715 -211.0443
88433	/body/1/gyro/2/ 0.4535169 0.3184774 0.5279078 0.6435898 67.25019 3.950385 -78.62328 125.2441 20.44678 140.2588
88433	/body/1/gyro/3/ -0.02315698 -0.4664227 0.07783144 0.8808268 -11.37185 54.89211 -18.54968 0.01525879 -2.334595 0.9155273
88433	/body/1/gyro/4/ -0.3189341 0.09145393 -0.1124574 -0.9366272 36.49185 14.06659 -11.56482 -3.40271 -0.8544922 1.098633
88433	/body/1/gyro/5/ 0.3249488 -0.7831619 -0.2609533 -0.4614856 166.0436 -63.18007 141.0101 -3.189087 6.088257 2.746582
88433	/body/1/gyro/6/ 0.9702024 -0.2120447 0.08086065 0.08488768 172.3616 11.12221 21.38228 1.907349 3.28064 -0.5950928
88435	/body/1/gyro/1/ -0.3659325 -0.4388124 -0.6460264 -0.5061492 69.68286 1.638601 -105.2333 94.08569 4.608154 -187.4847
88436	/body/1/gyro/2/ 0.4670484 0.3738033 0.4714675 0.6479624 73.46807 -2.523245 -76.49368 99.88403 8.880615 132.2784
88436	/body/1/gyro/3/ -0.02257231 -0.4647063 0.0778271 0.8817491 -11.18594 54.68589 -18.41582 -0.3051758 -0.9460449 0.1678467
88436	/body/1/gyro/4/ -0.3147748 0.08736379 -0.112943 -0.9383647 35.97792 13.59524 -11.8233 -2.334595 -0.4882812 1.327515
88436	/body/1/gyro/5/ 0.3258704 -0.7813315 -0.261818 -0.4634446 166.1191 -63.48856 140.8047 -4.013062 7.263184 0.03051758
88436	/body/1/gyro/6/ 0.9704837 -0.2127185 0.07957096 0.08112095 172.7691 10.89189 21.5058 1.358032 5.950928 1.220703
88437	/body/1/gyro/1/ -0.421554 -0.4262358 -0.6552784 -0.4595928 73.44516 9.246405 -105.5363 45.10498 21.85059 -134.2621
88438	/body/1/gyro/2/ 0.4676327 0.4160199 0.431193 0.6498613 77.37505 -7.89919 -75.989 57.51038 -9.506226 103.6224
88439	/body/1/gyro/3/ -0.02312731 -0.4652013 0.07848868 0.881415 -11.36582 54.73003 -18.6042 -0.3814697 1.068115 -0.7781982
88439	/body/1/gyro/4/ -0.3178066 0.09165965 -0.1129942 -0.9369257 36.34588 14.09776 -11.63477 -1.63269 -0.1068115 1.434326
88439	/body/1/gyro/5/ 0.3258664 -0.7799231 -0.2637268 -0.4647357 165.806 -63.74001 140.9703 -3.173828 6.011963 0.4730225
88439	/body/1/gyro/6/ 0.970651 -0.2131382 0.07673874 0.08074614 172.7511 10.56747 21.56795 -3.143311 8.010864 1.068115
88440	/body/1/gyro/1/ -0.4585965 -0.4108694 -0.6574017 -0.4343946 75.55704 14.24125 -104.5577 4.28772 31.26526 -81.28357
88440	/body/1/gyro/2/ 0.4646068 0.446662 0.4016801 0.6506048 80.03478 -12.0025 -76.00031 34.31702 -9.674072 75.88196
88440	/body/1/gyro/3/ -0.02406578 -0.4673606 0.0791406 0.8801885 -11.69577 54.97699 -18.90656 -0.3356934 2.044678 -0.8392334
88440	/body/1/gyro/4/ -0.3173086 0.08544572 -0.1118339 -0.9378206 36.30566 13.36992 -11.72922 -1.647949 -0.06103516 1.464844
88440	/body/1/gyro/5/ 0.3268032 -0.7781621 -0.2651244 -0.4662322 165.7457 -64.01325 140.8457 -4.104614 5.783081 1.785278
88440	/body/1/gyro/6/ 0.9706214 -0.2135217 0.07363622 0.0829474 172.4329 10.27471 21.60184 -3.814697 7.278442 0.3662109
88442	/body/1/gyro/1/ -0.4826576 -0.3980837 -0.6542464 -0.4248912 76.87191 17.0538 -102.9566 -22.50671 28.97644 -26.04675
88442	/body/1/gyro/2/ 0.4621568 0.4712343 0.3858595 0.6445632 82.35998 -14.52636 -77.06649 13.67188 -16.86096 33.95081
88442	/body/1/gyro/3/ -0.02441949 -0.4677371 0.07626375 0.8802326 -11.51417 55.05581 -18.44931 -0.09155273 0.579834 -0.1068115
88443	/body/1/gyro/4/ -0.3196938 0.09074944 -0.1132699 -0.9363388 36.57624 14.02633 -11.66896 -1.480103 0.09155273 1.342773
88443	/body/1/gyro/5/ 0.3280441 -0.7757248 -0.2664559 -0.4686569 165.8052 -64.4111 140.5927 -4.211426 7.644653 3.448486
88444	/body/1/gyro/6/ 0.9704589 -0.2141877 0.07101438 0.08538172 172.1023 10.04424 21.66705 -2.746582 6.057739 -0.2288818
88445	/body/1/gyro/1/ -0.4992356 -0.3907925 -0.6481557 -0.4218285 78.06584 18.50999 -101.3653 -29.38843 6.744385 11.01685
88445	/body/1/gyro/2/ 0.4641081 0.4889111 0.3811098 0.6327124 84.57651 -15.36267 -78.64236 4.455566 -19.14978 -4.928589
88445	/body/1/gyro/3/ -0.02509877 -0.4683895 0.07411765 0.8800499 -11.4688 55.1541 -18.16264 0.1831055 -0.03051758 0.2288818
88445	/body/1/gyro/4/ -0.3192912 0.08777535 -0.1137859 -0.9366971 36.52358 13.71541 -11.83707 -1.876831 0.1068115 1.144409
88445	/body/1/gyro/5/ 0.3292694 -0.7733995 -0.2670974 -0.4712684 166.0271 -64.80329 140.2413 -2.731323 5.264282 2.883911
88445	/body/1/gyro/6/ 0.9704275 -0.2141501 0.06982417 0.08680382 171.9127 9.944648 21.65395 0.9918213 2.471924 1.419067
88447	/body/1/gyro/1/ -0.5025349 -0.3969845 -0.6445157 -0.4176859 79.07985 18.43047 -101.3823 -20.88928 -37.04834 29.09851
88447	/body/1/gyro/2/ 0.4699464 0.4960758 0.3781523 0.6245478 86.06903 -15.32082 -79.23335 -0.213623 2.319336 -11.77979
88447	/body/1/gyro/3/ -0.02565474 -0.4681292 0.07234403 0.88032 -11.39079 55.13439 -17.88688 0.09155273 -1.144409 1.12915
88447	/body/1/gyro/4/ -0.3033373 0.08414067 -0.1231292 -0.9411408 34.45992 13.47822 -13.23987 -2.563477 -0.3356934 0.6561279
88447	/body/1/gyro/5/ 0.3295168 -0.7722408 -0.2685359 -0.4721772 165.8192 -64.99124 140.314 -1.449585 1.251221 2.792358
88448	/body/1/gyro/6/ 0.9702654 -0.2140569 0.07194554 0.08711263 171.9256 10.18963 21.63118 1.083374 -0.8544922 2.27356
88450	/body/1/gyro/1/ -0.499565 -0.412609 -0.6396121 -0.4136243 80.3287 17.32104 -102.0992 -19.48547 -58.41064 27.78625
88451	/body/1/gyro/2/ 0.4798163 0.4991871 0.371838 0.6183243 87.55562 -15.0992 -79.04761 4.943848 25.89417 -7.843018
88451	/body/1/gyro/3/ -0.02598324 -0.4668612 0.07540899 0.8807264 -11.66518 54.92847 -18.39619 -0.04577637 -2.075195 1.647949
88451	/body/1/gyro/4/ -0.3145168 0.08616221 -0.1234314 -0.9372406 35.82199 13.83649 -13.04341 -2.487183 -0.4730225 0.5950928
88451	/body/1/gyro/5/ 0.3306643 -0.7718284 -0.2685754 -0.4720269 165.9776 -64.99407 140.0465 -1.38855 -1.251221 2.914429
88451	/body/1/gyro/6/ 0.9698068 -0.2145162 0.07347938 0.08976799 171.6635 10.43005 21.65317 0.793457 0.7781982 0.1525879
88452	/body/1/gyro/1/ -0.4942618 -0.436116 -0.6265342 -0.4158882 82.20931 14.86798 -102.3886 -5.599976 -40.95459 17.30347
88452	/body/1/gyro/2/ 0.4923294 0.4981995 0.368955 0.6109675 88.8877 -14.20977 -78.72368 2.670288 26.94702 4.608154
88452	/body/1/gyro/3/ -0.02533546 -0.465397 0.07657029 0.8814197 -11.58516 54.73996 -18.47229 -1.098633 -3.128052 2.624512
88452	/body/1/gyro/4/ -0.3219984 0.08452906 -0.1261967 -0.9344765 36.71446 13.84234 -13.29876 -1.464844 -0.3051758 0.2441406
88452	/body/1/gyro/5/ 0.3318051 -0.7720422 -0.2679396 -0.4712372 166.2346 -64.88227 139.731 -0.9460449 -2.120972 2.13623
88452	/body/1/gyro/6/ 0.9696801 -0.2150641 0.07397942 0.08941419 171.7213 10.48233 21.71954 5.523682 3.005981 0.04577637
88455	/body/1/gyro/1/ -0.5090021 -0.4406674 -0.6142804 -0.4115686 84.44175 15.22501 -101.0561 -3.860474 -5.493164 7.156372
88456	/body/1/gyro/2/ 0.4946716 0.505569 0.3703285 0.6021268 90.03544 -14.03126 -79.75571 -3.097534 -5.706787 6.240845
88456	/body/1/gyro/3/ -0.02486162 -0.4640903 0.07799397 0.8819972 -11.56648 54.56507 -18.61726 -0.6408691 -1.617432 1.419067
88456	/body/1/gyro/4/ -0.331423 0.0870074 -0.117637 -0.9320676 37.9779 13.8965 -12.1139 -3.356934 -1.800537 -0.3204346
88456	/body/1/gyro/5/ 0.3329176 -0.7718446 -0.2674008 -0.4710824 166.5091 -64.85693 139.4009 -1.220703 -3.234863 1.556396
88456	/body/1/gyro/6/ 0.9701429 -0.2149036 0.07347023 0.08509632 172.1993 10.31899 21.7452 9.368896 4.501343 2.532959
88457	/body/1/gyro/1/ -0.5301352 -0.4396652 -0.5975144 -0.410643 86.94359 15.80927 -98.53499 -2.655029 18.53943 -1.220703
88457	/body/1/gyro/2/ 0.4856702 0.517662 0.3692369 0.5998455 90.45714 -15.21131 -81.09074 -8.255005 -15.91492 6.591797
88457	/body/1/gyro/3/ -0.02428099 -0.4634973 0.07614066 0.882487 -11.27169 54.52443 -18.21463 -0.289917 -0.5187988 0.4119873
88457	/body/1/gyro/4/ -0.3274516 0.09215023 -0.1102747 -0.9338754 37.5718 14.14242 -11.16664 -3.265381 -1.00708 0.6713867
88457	/body/1/gyro/5/ 0.3322861 -0.7728119 -0.2664235 -0.4704958 166.5775 -64.72475 139.4666 2.868652 -1.281738 -1.022339
88457	/body/1/gyro/6/ 0.9710071 -0.2138165 0.07411335 0.07703806 173.1192 10.18769 21.69269 9.658813 3.952026 6.729126
88459	/body/1/gyro/1/ -0.5589333 -0.4190331 -0.5886744 -0.4067766 88.54931 18.49088 -95.20448 -7.568359 39.45923 -2.883911
88459	/body/1/gyro/2/ 0.4731595 0.5228992 0.3698813 0.6048837 89.67787 -16.4131 -81.74319 -9.414673 1.251221 10.23865
88459	/body/1/gyro/3/ -0.02442851 -0.4637559 0.07510547 0.8824358 -11.21699 54.56761 -18.05871 -0.3356934 -0.2288818 0.1373291
88459	/body/1/gyro/4/ -0.3237389 0.09117707 -0.1007623 -0.9363369 37.22665 13.64977 -10.19775 -2.532959 -0.2746582 1.098633
88459	/body/1/gyro/5/ 0.3313615 -0.7734602 -0.2657613 -0.4704569 166.5734 -64.67361 139.6114 2.929688 1.373291 -1.220703
88459	/body/1/gyro/6/ 0.9717405 -0.2121382 0.07460897 0.07177245 173.7116 10.10499 21.54325 4.470825 3.616333 8.117676
88462	/body/1/gyro/1/ -0.5720891 -0.4002037 -0.5939751 -0.3996807 88.45839 21.08214 -94.123 -8.468628 6.027222 -3.875732
88462	/body/1/gyro/2/ 0.4637961 0.5158199 0.384461 0.6091081 87.75813 -15.76885 -82.21996 -8.666992 -0.5187988 11.24573
88462	/body/1/gyro/3/ -0.02510502 -0.4639694 0.07375231 0.8824187 -11.22294 54.59996 -17.89153 -1.739502 -0.3204346 2.319336
88462	/body/1/gyro/4/ -0.304633 0.09236227 -0.1067175 -0.941955 34.80121 13.8288 -11.10446 -1.785278 0.3356934 1.525879
88462	/body/1/gyro/5/ 0.3309973 -0.7739797 -0.2653929 -0.4700668 166.5684 -64.59969 139.6759 1.403809 0.869751 0.1525879
88462	/body/1/gyro/6/ 0.9723468 -0.2105743 0.07319689 0.06958688 173.911 9.883881 21.3819 -0.1983643 4.91333 6.92749
88464	/body/1/gyro/1/ -0.5701217 -0.3864972 -0.603718 -0.4013797 86.83191 22.21736 -94.24532 -8.529663 -25.31433 -6.439209
88464	/body/1/gyro/2/ 0.4459928 0.5271274 0.3845811 0.6126374 87.20612 -17.62797 -83.56777 -5.630493 -8.69751 10.69641
88464	/body/1/gyro/3/ -0.0251659 -0.4638463 0.07294416 0.8825488 -11.15523 54.59355 -17.74994 -0.6408691 -0.213623 1.022339
88464	/body/1/gyro/4/ -0.315607 0.09376666 -0.103139 -0.938596 36.19511 13.9527 -10.49173 -1.205444 0.793457 1.663208
88464	/body/1/gyro/5/ 0.330676 -0.7740151 -0.2658128 -0.4699974 166.4265 -64.6041 139.8092 -0.6561279 2.029419 0.9155273
88464	/body/1/gyro/6/ 0.9727348 -0.2100492 0.06981657 0.06922446 173.8687 9.491838 21.33083 -1.602173 6.851196 4.760742
88466	/body/1/gyro/1/ -0.568992 -0.373724 -0.6060803 -0.4113941 85.45927 22.47089 -93.39845 -11.61194 -7.675171 0.289917
88466	/body/1/gyro/2/ 0.440887 0.5353194 0.3852104 0.6088223 87.70139 -18.18947 -84.65948 -2.456665 -5.447388 9.567261
88466	/body/1/gyro/3/ -0.0261331 -0.4650995 0.07494736 0.8816929 -11.56267 54.70943 -18.24421 -1.235962 0.09155273 1.525879
88466	/body/1/gyro/4/ -0.3146365 0.09279514 -0.103155 -0.9390165 36.07508 13.83844 -10.54201 0 1.312256 1.77002
88466	/body/1/gyro/5/ 0.3339433 -0.7719356 -0.2686415 -0.4694987 166.2925 -64.72482 139.3942 -13.50403 2.822876 7.354736
88466	/body/1/gyro/6/ 0.9728575 -0.2101087 0.06728081 0.06982735 173.7423 9.221521 21.33889 -1.281738 5.584717 2.563477
88469	/body/1/gyro/1/ -0.5735849 -0.3671226 -0.5980221 -0.4226002 85.51658 22.0701 -91.59136 -11.70349 -5.599976 2.868652
88469	/body/1/gyro/2/ 0.4369727 0.5409088 0.382798 0.6082255 88.00476 -18.87136 -85.13645 -5.874634 7.080078 9.44519
88469	/body/1/gyro/3/ -0.02616542 -0.4711405 0.07053165 0.8788443 -11.46027 55.53047 -17.75488 -8.499146 2.716064 15.15198
88469	/body/1/gyro/4/ -0.3230803 0.09501477 -0.09793913 -0.9364824 37.18256 13.95996 -9.754416 1.205444 1.983643 1.434326
88469	/body/1/gyro/5/ 0.3353556 -0.7720491 -0.2701344 -0.4674443 166.0501 -64.55021 139.3491 -7.827759 -1.403809 2.304077
88469	/body/1/gyro/6/ 0.9729747 -0.2101355 0.06540693 0.06989393 173.6917 9.012677 21.34655 -2.090454 3.173828 2.792358
88471	/body/1/gyro/1/ -0.5746364 -0.3597561 -0.5962965 -0.4298826 85.00143 22.08624 -90.67393 -10.28442 -19.42444 2.029419
88471	/body/1/gyro/2/ 0.4347176 0.5332719 0.3953847 0.6085331 86.79239 -17.77416 -85.37649 -6.988525 9.277344 9.521484
88471	/body/1/gyro/3/ -0.02525903 -0.4618247 0.07344266 0.8835644 -11.12101 54.33046 -17.75323 2.166748 -5.92041 4.608154
88471	/body/1/gyro/4/ -0.3210275 0.09643341 -0.09689342 -0.9371518 36.94326 14.0611 -9.617744 1.12915 2.059937 1.068115
88471	/body/1/gyro/5/ 0.3358779 -0.772448 -0.2713515 -0.4657021 165.7546 -64.38818 139.4657 -6.622314 -6.04248 0.4272461
88471	/body/1/gyro/6/ 0.9729054 -0.2096886 0.06485175 0.07266355 173.3606 9.013239 21.27172 -4.058838 2.059937 2.731323
88473	/body/1/gyro/1/ -0.5704238 -0.3630365 -0.5896941 -0.4416809 84.75008 20.61327 -90.02363 -6.591797 -20.18738 1.434326
88473	/body/1/gyro/2/ 0.424792 0.5423677 0.3974577 0.6061488 86.92787 -18.65309 -86.73114 -12.43591 -5.844116 5.889893
88473	/body/1/gyro/3/ -0.02477387 -0.4570186 0.07239302 0.88616 -10.72746 53.74532 -17.31832 2.151489 -4.470825 2.609253
88474	/body/1/gyro/4/ -0.3224579 0.09699593 -0.09478562 -0.9368182 37.1469 14.05563 -9.340742 -0.3204346 1.296997 0.7171631
88474	/body/1/gyro/5/ 0.3360556 -0.7732311 -0.2731524 -0.463215 165.2399 -64.14928 139.7704 -7.202148 -5.111694 -0.8850098
88474	/body/1/gyro/6/ 0.9727383 -0.2092836 0.06533558 0.07557589 173.0374 9.13391 21.19724 -2.716064 3.02124 3.02124
88475	/body/1/gyro/1/ -0.5838566 -0.3537087 -0.5763136 -0.449293 85.82834 20.80149 -87.28194 -4.196167 -5.599976 6.378174
88476	/body/1/gyro/2/ 0.4154321 0.547632 0.4092544 0.6000218 86.67348 -18.4905 -88.58665 -10.5896 -15.35034 -0.3356934
88477	/body/1/gyro/3/ -0.02007538 -0.4565923 0.06949909 0.8867301 -9.656408 53.79976 -16.40058 0.9002686 -1.220703 0.5645752
88477	/body/1/gyro/4/ -0.3214142 0.09809707 -0.09432486 -0.9371087 37.02539 14.15169 -9.265443 -0.8392334 0.7171631 0.8087158
88477	/body/1/gyro/5/ 0.3357407 -0.7748781 -0.2748103 -0.459697 164.627 -63.7598 140.2142 -6.240845 -7.965088 -2.227783
88477	/body/1/gyro/6/ 0.9726119 -0.2091448 0.06464424 0.0781385 172.7294 9.115897 21.16113 -1.846313 3.799438 2.456665
88478	/body/1/gyro/1/ -0.5779006 -0.3600829 -0.5653353 -0.4655826 85.59947 18.54918 -86.3857 -2.212524 -9.719849 4.28772
88478	/body/1/gyro/2/ 0.4129925 0.5508344 0.4237189 0.5886263 86.87453 -17.36667 -90.48322 -9.460449 -20.08057 -1.953125
88478	/body/1/gyro/3/ -0.01915087 -0.457543 0.07183351 0.8860742 -9.741463 53.90903 -16.76225 5.111694 -0.4425049 -6.759644
88478	/body/1/gyro/4/ -0.3300815 0.1011083 -0.08649365 -0.9345278 38.20433 14.24548 -8.149676 -1.342773 0.4882812 0.9460449
88478	/body/1/gyro/5/ 0.3390432 -0.7765174 -0.2736906 -0.4551526 165.0454 -63.18321 139.5256 -5.554199 -13.18359 -0.8239746
88478	/body/1/gyro/6/ 0.9728504 -0.2080269 0.06437062 0.07837888 172.6854 9.082461 21.02809 2.197266 4.53186 3.90625
88480	/body/1/gyro/1/ -0.5883108 -0.3524881 -0.5495995 -0.4770564 86.42445 18.08076 -83.61083 -1.052856 2.365112 3.219604
88481	/body/1/gyro/2/ 0.3917149 0.5661144 0.4309035 0.5834348 86.84132 -18.84439 -93.27628 -5.645752 -25.34485 -3.799438
88481	/body/1/gyro/3/ -0.01870184 -0.4605207 0.07698978 0.884106 -10.24778 54.23476 -17.74208 3.40271 2.716064 -6.210327
88481	/body/1/gyro/4/ -0.3205911 0.1036373 -0.08046807 -0.9380862 37.11032 14.24307 -7.532668 -3.829956 1.220703 1.831055
88481	/body/1/gyro/5/ 0.342002 -0.7783341 -0.2709992 -0.4514311 165.7593 -62.63459 138.7209 -1.434326 -14.96887 0.3509521
88481	/body/1/gyro/6/ 0.973489 -0.2065413 0.06192772 0.07631961 172.8505 8.748542 20.87957 2.914429 7.141113 5.92041
88483	/body/1/gyro/1/ -0.6008389 -0.3438696 -0.5346765 -0.4846312 87.49934 18.01157 -80.89767 1.159668 -3.494263 1.373291
88483	/body/1/gyro/2/ 0.3786021 0.5669456 0.4476326 0.5786693 85.73881 -18.4936 -95.16532 -2.761841 -5.096436 0.6561279
88483	/body/1/gyro/3/ -0.01996002 -0.4637061 0.07927697 0.8822094 -10.81631 54.58806 -18.3933 0.6713867 2.792358 -1.098633
88483	/body/1/gyro/4/ -0.3240775 0.1054015 -0.07410154 -0.9372157 37.62856 14.21713 -6.705504 -3.570557 1.052856 1.602173
88483	/body/1/gyro/5/ 0.3427705 -0.7797792 -0.2683355 -0.4499431 166.2921 -62.33378 138.328 3.90625 -9.078979 -0.6103516
88483	/body/1/gyro/6/ 0.9741776 -0.2049842 0.05874861 0.07421665 173.004 8.33089 20.72525 2.304077 7.553101 6.240845
88485	/body/1/gyro/1/ -0.5998333 -0.3416467 -0.5224354 -0.5005385 87.19238 16.54292 -79.22076 2.532959 1.144409 0.4730225
88486	/body/1/gyro/2/ 0.3766755 0.5735552 0.4506434 0.5710258 86.4776 -18.39323 -96.40273 0.9155273 4.257202 2.044678
88486	/body/1/gyro/3/ -0.01988677 -0.4640285 0.07987729 0.8819873 -10.87301 54.62273 -18.50686 -0.1373291 -0.2288818 1.495361
88486	/body/1/gyro/4/ -0.3229115 0.1086386 -0.06789204 -0.9377187 37.57768 14.33502 -5.912591 -3.250122 -0.4272461 1.235962
88486	/body/1/gyro/5/ 0.3417953 -0.7807226 -0.2665524 -0.4501089 166.5201 -62.25559 138.3475 6.378174 -2.609253 -2.075195
88486	/body/1/gyro/6/ 0.9747535 -0.2039006 0.05563763 0.07200436 173.1761 7.922263 20.62665 2.304077 7.369995 4.40979
88488	/body/1/gyro/1/ -0.6127274 -0.3266471 -0.508931 -0.5087789 87.85931 16.93518 -76.22462 -1.922607 7.919312 -0.1220703
88488	/body/1/gyro/2/ 0.3761928 0.5762941 0.4599644 0.5610676 86.83076 -17.49421 -97.78571 1.052856 -6.057739 2.120972
88488	/body/1/gyro/3/ -0.01871732 -0.463047 0.079244 0.8825857 -10.56752 54.52717 -18.24839 -0.04577637 -0.9155273 1.296997
88488	/body/1/gyro/4/ -0.3194428 0.1083837 -0.06170746 -0.9393622 37.22218 14.06646 -5.288694 -2.929688 0.3356934 0.4425049
88488	/body/1/gyro/5/ 0.3392138 -0.7814319 -0.2658638 -0.4512368 166.3794 -62.32434 138.8007 7.904053 2.243042 -2.593994
88488	/body/1/gyro/6/ 0.9750749 -0.2041218 0.05176148 0.06988537 173.331 7.439134 20.68303 1.51062 8.087158 1.495361
88489	/body/1/gyro/1/ -0.6226879 -0.3082118 -0.5003416 -0.5166465 87.92235 17.73652 -73.57869 -4.928589 -0.1373291 -3.158569
88490	/body/1/gyro/2/ 0.3725626 0.5841613 0.4650076 0.5511085 87.60455 -17.30052 -99.44519 -0.793457 -12.03918 0.2746582
88490	/body/1/gyro/3/ -0.01843337 -0.4630403 0.07951446 0.8825709 -10.54242 54.52811 -18.27048 0.6103516 0.2288818 0.6866455
88490	/body/1/gyro/4/ -0.3137573 0.1129784 -0.05770286 -0.9409902 36.59818 14.40844 -4.760765 -2.716064 0.03051758 0.6713867
88490	/body/1/gyro/5/ 0.3379945 -0.7820414 -0.2648132 -0.4517134 166.4517 -62.31656 138.9384 5.92041 1.831055 -0.6713867
88490	/body/1/gyro/6/ 0.9752405 -0.2045883 0.04963339 0.06772137 173.5315 7.152978 20.76095 2.609253 5.752563 0.1068115
88492	/body/1/gyro/1/ -0.6227974 -0.2987503 -0.4896134 -0.5321187 87.25871 16.97286 -71.57521 -7.644653 4.333496 -3.616333
88492	/body/1/gyro/2/ 0.3651619 0.5903407 0.4701233 0.5451043 87.81847 -17.47275 -100.9114 -0.3356934 -9.384155 -0.7476807
88492	/body/1/gyro/3/ -0.01831081 -0.4629132 0.08001074 0.8825952 -10.55972 54.50832 -18.34078 0.6561279 0.5950928 -0.1831055
88492	/body/1/gyro/4/ -0.298203 0.105821 -0.06699385 -0.9462498 34.52504 13.89963 -6.290975 -1.953125 -0.3356934 1.083374
88492	/body/1/gyro/5/ 0.3368586 -0.7827829 -0.2636961 -0.451931 166.5314 -62.27421 139.0627 5.905151 1.052856 -0.4577637
88492	/body/1/gyro/6/ 0.9752936 -0.2049807 0.0490666 0.06616527 173.6975 7.055681 20.81964 1.495361 3.234863 0.04577637
88494	/body/1/gyro/1/ -0.6319741 -0.2827788 -0.4751763 -0.543003 87.52451 17.06754 -68.55209 -9.643555 7.873535 -4.699707
88494	/body/1/gyro/2/ 0.3599359 0.5985531 0.4732248 0.5368785 88.5357 -17.58014 -102.4615 1.617432 0.1068115 1.373291
88494	/body/1/gyro/3/ -0.0184339 -0.4633575 0.08073203 0.8822938 -10.66664 54.55361 -18.49797 0.8239746 0.5950928 -0.8544922
88494	/body/1/gyro/4/ -0.3070816 0.1067129 -0.06858738 -0.9431909 35.60162 14.08878 -6.304099 -2.410889 -1.296997 1.12915
88494	/body/1/gyro/5/ 0.3364365 -0.7833129 -0.2628111 -0.4518426 166.6423 -62.21545 139.0661 4.501343 -0.1220703 -0.5187988
88495	/body/1/gyro/6/ 0.9752708 -0.2052383 0.04915134 0.06563689 173.7611 7.054543 20.85315 0.1831055 1.983643 0.8392334
88496	/body/1/gyro/1/ -0.6325882 -0.2718097 -0.4616865 -0.5592828 86.90066 16.26485 -66.19058 -7.69043 4.40979 -6.530762
88497	/body/1/gyro/2/ 0.3576983 0.6025355 0.4787799 0.5289354 88.92027 -17.15077 -103.6665 2.059937 7.385254 2.914429
88497	/body/1/gyro/3/ -0.0185487 -0.4623078 0.08057417 0.8828563 -10.62246 54.42095 -18.43254 0.4882812 -0.4882812 -0.3662109
88497	/body/1/gyro/4/ -0.3036615 0.1042936 -0.07547718 -0.9440422 35.0848 14.04915 -7.211027 -2.609253 -2.105713 0.6103516
88497	/body/1/gyro/5/ 0.3362892 -0.7836609 -0.2627046 -0.4514104 166.6151 -62.15261 139.1093 2.197266 0.01525879 -0.2746582
88497	/body/1/gyro/6/ 0.9752992 -0.2049805 0.04993057 0.06543322 173.7999 7.135688 20.82146 -0.8544922 1.495361 2.456665
88499	/body/1/gyro/1/ -0.642975 -0.2522683 -0.4487357 -0.5670804 87.25089 16.91418 -63.1076 -5.722046 8.529663 -5.187988
88499	/body/1/gyro/2/ 0.3504152 0.6067097 0.4873866 0.5211207 88.90857 -16.90362 -105.2875 1.846313 2.502441 2.731323
88499	/body/1/gyro/3/ -0.01822614 -0.4618634 0.08030016 0.8831205 -10.52162 54.37385 -18.33652 0.6866455 -0.8239746 -0.579834
88499	/body/1/gyro/4/ -0.3135058 0.1025003 -0.07562722 -0.9410039 36.28932 13.90575 -7.142652 -1.861572 -1.647949 0.579834
88499	/body/1/gyro/5/ 0.3366742 -0.7835206 -0.2628252 -0.4512968 166.6359 -62.15001 139.0412 0.4730225 1.022339 0.3814697
88499	/body/1/gyro/6/ 0.9753143 -0.2047745 0.04944097 0.06621953 173.6984 7.097669 20.79368 -2.838135 2.243042 2.227783
88501	/body/1/gyro/1/ -0.6527984 -0.2374101 -0.4312014 -0.575809 87.90554 16.83218 -59.95023 -4.898071 8.911133 -4.91333
88501	/body/1/gyro/2/ 0.3439774 0.6121578 0.4964248 0.5103968 89.17043 -16.46137 -107.1678 -0.1220703 -2.487183 4.516602
88502	/body/1/gyro/3/ -0.01883854 -0.4616328 0.08062021 0.8831991 -10.64453 54.33008 -18.43518 0.8239746 -0.5645752 -0.6408691
88502	/body/1/gyro/4/ -0.3092537 0.1012268 -0.08171384 -0.9420394 35.68628 13.96091 -7.93103 -2.029419 -1.403809 0.9155273
88502	/body/1/gyro/5/ 0.3358668 -0.7834581 -0.2633238 -0.4517162 166.4566 -62.21276 139.2568 0.4119873 0.8239746 -0.1983643
88502	/body/1/gyro/6/ 0.9751236 -0.2054596 0.04849174 0.06759304 173.5265 7.027526 20.86858 -3.417969 1.846313 0.7781982
88504	/body/1/gyro/1/ -0.657827 -0.219509 -0.4165069 -0.5878788 87.71496 16.85135 -56.9632 -3.90625 7.354736 -5.279541
88504	/body/1/gyro/2/ 0.3342836 0.6175883 0.5061238 0.5006773 89.1836 -16.26302 -109.1858 -1.083374 -5.401611 5.630493
88504	/body/1/gyro/3/ -0.01853978 -0.4617133 0.07961178 0.8832548 -10.50731 54.35753 -18.23708 0.4577637 -0.7019043 0.01525879
88504	/body/1/gyro/4/ -0.313729 0.1009567 -0.08317253 -0.9404595 36.21949 14.00926 -8.035915 -1.663208 -0.5950928 1.464844
88504	/body/1/gyro/5/ 0.335516 -0.7837741 -0.2633396 -0.4514194 166.3871 -62.1693 139.3521 0.2593994 -0.04577637 0.289917
88504	/body/1/gyro/6/ 0.9748368 -0.2065745 0.04783057 0.06879336 173.3837 6.988834 20.99427 -3.219604 0.9307861 -0.7019043
88506	/body/1/gyro/1/ -0.6562854 -0.202232 -0.4056341 -0.603202 86.60014 16.76518 -54.55782 -3.601074 3.433228 -4.91333
88506	/body/1/gyro/2/ 0.3190936 0.6246555 0.51784 0.4897208 89.04646 -16.33988 -111.8009 -3.479004 -17.33398 4.898071
88506	/body/1/gyro/3/ -0.01845901 -0.4613463 0.0786798 0.8835317 -10.39355 54.32357 -18.0513 -0.3204346 -0.09155273 0.4272461
88506	/body/1/gyro/4/ -0.3097298 0.09927552 -0.08673721 -0.9416414 35.67829 13.92751 -8.553628 -1.235962 0.1831055 1.663208
88506	/body/1/gyro/5/ 0.3350469 -0.784085 -0.2630061 -0.4514222 166.3897 -62.14656 139.4213 1.052856 0.6866455 -0.09155273
88506	/body/1/gyro/6/ 0.9744396 -0.2078678 0.04836296 0.07013924 173.253 7.089115 21.13532 -2.39563 0.213623 -1.037598
88509	/body/1/gyro/1/ -0.6590351 -0.1945087 -0.3898707 -0.6130579 86.6797 15.98506 -52.34292 -4.013062 0.1068115 -4.776001
88510	/body/1/gyro/2/ 0.3021758 0.6316214 0.5269674 0.4817151 88.83317 -16.86093 -114.1932 -4.806519 -17.02881 5.050659
88510	/body/1/gyro/3/ -0.01868226 -0.4614965 0.07783885 0.8835231 -10.36411 54.3485 -17.93083 -1.174927 1.022339 0.6256104
88510	/body/1/gyro/4/ -0.3158012 0.09969877 -0.0863976 -0.9396091 36.43232 14.00016 -8.409274 -1.174927 0.5493164 1.937866
88510	/body/1/gyro/5/ 0.3349958 -0.7841792 -0.2628698 -0.451376 166.4066 -62.1336 139.4202 1.281738 0.9765625 -0.2288818
88510	/body/1/gyro/6/ 0.9741722 -0.2084002 0.04924853 0.07164119 173.1074 7.227718 21.1842 -1.495361 0.7476807 0.3356934
88511	/body/1/gyro/1/ -0.6606532 -0.1838287 -0.3736788 -0.6245866 86.46383 15.3141 -49.90574 -5.233765 2.944946 -5.065918
88511	/body/1/gyro/2/ 0.283262 0.6371105 0.535968 0.4760159 88.33409 -17.63252 -116.4455 -5.142212 -12.8479 5.79834
88511	/body/1/gyro/3/ -0.01782006 -0.4596829 0.07647721 0.8846046 -10.01365 54.14966 -17.54061 -1.586914 1.983643 -0.1983643
88511	/body/1/gyro/4/ -0.3138195 0.1000002 -0.08968168 -0.9399332 36.14791 14.13898 -8.795257 -1.327515 0.6866455 2.27356
88511	/body/1/gyro/5/ 0.3349558 -0.7844805 -0.2627648 -0.4509431 166.3942 -62.07254 139.4387 1.281738 -0.213623 -0.09155273
88511	/body/1/gyro/6/ 0.9741336 -0.2083566 0.04992714 0.07182287 173.1021 7.307876 21.17503 -0.1525879 1.38855 2.471924
88513	/body/1/gyro/1/ -0.6631426 -0.1594462 -0.364094 -0.6342352 85.83936 16.29839 -47.07787 -6.820679 6.591797 -5.249023
88513	/body/1/gyro/2/ 0.2700944 0.6413754 0.5443361 0.4683854 88.11103 -17.86513 -118.4025 -4.180908 -7.339478 5.41687
88513	/body/1/gyro/3/ -0.02024586 -0.4621026 0.07696234 0.8832486 -10.58328 54.40845 -17.9413 -1.251221 -0.4425049 -0.1678467
88513	/body/1/gyro/4/ -0.319391 0.1003691 -0.08651751 -0.9383124 36.87635 14.10035 -8.343979 -1.876831 0.5187988 1.861572
88513	/body/1/gyro/5/ 0.3350794 -0.7846431 -0.2626715 -0.4506225 166.4086 -62.02928 139.4163 1.022339 0.4882812 0.5950928
88513	/body/1/gyro/6/ 0.9742718 -0.2079717 0.04967503 0.07123591 173.1599 7.263001 21.1348 -0.4425049 1.724243 3.585815
88516	/body/1/gyro/1/ -0.6616756 -0.1453146 -0.3504495 -0.6467257 85.09795 16.01032 -44.72403 -4.669189 1.098633 -5.67627
88516	/body/1/gyro/2/ 0.2603726 0.6443544 0.5536334 0.4588066 87.95381 -17.63585 -120.2578 -1.846313 -6.942749 4.119873
88516	/body/1/gyro/3/ -0.02107542 -0.4624972 0.07664044 0.8830506 -10.7159 54.44783 -17.97533 -0.5645752 -0.6713867 0.6103516
88516	/body/1/gyro/4/ -0.3150088 0.09971259 -0.08659648 -0.9398552 36.33208 14.00391 -8.442952 -2.868652 -0.579834 0.7476807
88516	/body/1/gyro/5/ 0.3352151 -0.7845615 -0.2625845 -0.4507144 166.4496 -62.03948 139.372 0.7324219 1.235962 1.296997
88516	/body/1/gyro/6/ 0.97436 -0.207622 0.04869855 0.07172169 173.08 7.162383 21.09437 -1.052856 1.068115 2.853394
88518	/body/1/gyro/1/ -0.6650807 -0.1304687 -0.3381046 -0.6529401 85.14343 16.22184 -42.36445 -4.135132 -0.213623 -4.837036
88518	/body/1/gyro/2/ 0.2515407 0.6495901 0.559719 0.4488592 88.22576 -17.55161 -122.0995 -1.495361 -5.142212 3.173828
88518	/body/1/gyro/3/ -0.02122676 -0.4614207 0.0792053 0.8833838 -10.9193 54.27812 -18.38662 -0.50354 -1.083374 1.235962
88518	/body/1/gyro/4/ -0.3183059 0.1015814 -0.08548207 -0.9386455 36.75842 14.18874 -8.201309 -2.7771 -0.9765625 0.2593994
88518	/body/1/gyro/5/ 0.3358275 -0.7841976 -0.2625145 -0.4509326 166.5593 -62.07479 139.2162 -0.5340576 1.846313 1.831055
88518	/body/1/gyro/6/ 0.9743957 -0.2077108 0.04884661 0.07087515 173.1797 7.159674 21.10994 0.579834 -0.01525879 1.663208
88520	/body/1/gyro/1/ -0.6653153 -0.1213146 -0.321226 -0.6629119 84.92391 15.46154 -40.07376 -5.096436 -1.281738 -4.455566
88521	/body/1/gyro/2/ 0.2445385 0.6515574 0.5673779 0.4401773 88.11925 -17.22411 -123.5964 -0.9307861 2.731323 3.067017
88521	/body/1/gyro/3/ -0.02078676 -0.4610114 0.08062213 0.8834797 -10.94963 54.21694 -18.57607 -0.5950928 -0.6256104 1.403809
88521	/body/1/gyro/4/ -0.3127933 0.09888282 -0.08535031 -0.9407964 36.07185 13.85415 -8.36668 -2.838135 -1.342773 -0.04577637
88521	/body/1/gyro/5/ 0.3358427 -0.7840164 -0.2627101 -0.4511223 166.5353 -62.10827 139.2247 0.289917 1.373291 0.9155273
88521	/body/1/gyro/6/ 0.97438 -0.2077961 0.0498419 0.07014405 173.2858 7.25475 21.12097 -0.3356934 -0.4730225 1.77002
88522	/body/1/gyro/1/ -0.6665522 -0.1078188 -0.3079413 -0.6702651 84.75233 15.42541 -37.79335 -6.820679 2.838135 -3.448486
88522	/body/1/gyro/2/ 0.2386058 0.6538625 0.5739285 0.4314362 88.13983 -16.87679 -125.0088 -1.480103 1.12915 2.319336
88523	/body/1/gyro/3/ -0.02083639 -0.4612358 0.08173673 0.883259 -11.0674 54.23051 -18.7844 -0.869751 -0.5950928 1.724243
88523	/body/1/gyro/4/ -0.3145235 0.09963351 -0.08476751 -0.9401929 36.29431 13.92622 -8.249046 -4.852295 -3.829956 -3.067017
88523	/body/1/gyro/5/ 0.3357449 -0.7840506 -0.2629989 -0.4509673 166.4557 -62.09974 139.2856 0.4119873 1.724243 1.022339
88523	/body/1/gyro/6/ 0.9743493 -0.2076915 0.05067293 0.07028448 173.2882 7.350641 21.10444 -1.831055 -0.2288818 2.334595
88525	/body/1/gyro/1/ -0.6665702 -0.09344146 -0.2946781 -0.6783197 84.40952 15.43119 -35.48305 -7.278442 -0.4119873 -3.067017
88525	/body/1/gyro/2/ 0.230248 0.6559712 0.5823871 0.4213227 88.00487 -16.5328 -126.7373 -3.631592 1.63269 2.609253
88525	/body/1/gyro/3/ -0.02034604 -0.461394 0.08276504 0.883092 -11.08193 54.24655 -18.92813 -0.3814697 -0.8239746 1.174927
88525	/body/1/gyro/4/ -0.3169159 0.1058846 -0.08732107 -0.938471 36.57662 14.71945 -8.273062 0.01525879 1.403809 -7.736206
88525	/body/1/gyro/5/ 0.3358527 -0.7836177 -0.2629878 -0.4516455 166.5161 -62.18822 139.2269 0.4119873 2.029419 1.266479
88525	/body/1/gyro/6/ 0.9742453 -0.2076371 0.05097831 0.07165255 173.14 7.416792 21.08728 -3.051758 0.3814697 1.861572
88527	/body/1/gyro/1/ -0.6640294 -0.08434348 -0.2775097 -0.6891586 83.83593 14.61349 -33.26325 -7.904053 -0.8087158 -3.341675
88527	/body/1/gyro/2/ 0.2218034 0.6579156 0.5909291 0.4107957 87.85788 -16.16459 -128.497 -3.250122 -0.1068115 3.128052
88527	/body/1/gyro/3/ -0.02030821 -0.4611314 0.08285595 0.8832215 -11.07071 54.21305 -18.92839 -0.07629395 -0.5187988 1.037598
88527	/body/1/gyro/4/ -0.3146888 0.1043556 -0.08926725 -0.9392083 36.27135 14.60809 -8.580763 2.349854 3.02124 -9.796143
88527	/body/1/gyro/5/ 0.3359318 -0.7835251 -0.2627217 -0.4519022 166.5956 -62.21052 139.1674 0.9155273 1.083374 1.052856
88527	/body/1/gyro/6/ 0.9740924 -0.2077687 0.05121023 0.07316933 172.9747 7.479506 21.09113 -2.227783 0.793457 1.373291
88530	/body/1/gyro/1/ -0.6629658 -0.06589702 -0.2647777 -0.6971562 83.32481 15.02236 -30.74054 -8.041382 2.655029 -2.288818
88530	/body/1/gyro/2/ 0.2125984 0.6609707 0.597418 0.4012622 87.86282 -16.04695 -130.2211 -2.502441 1.983643 3.204346
88530	/body/1/gyro/3/ -0.01936192 -0.4610822 0.08244227 0.8833072 -10.86963 54.22921 -18.77246 -0.213623 0.1220703 0.9918213
88530	/body/1/gyro/4/ -0.3202223 0.1094591 -0.08998998 -0.9366847 36.96395 15.22979 -8.388184 3.448486 5.142212 -10.0708
88530	/body/1/gyro/5/ 0.3361955 -0.7834053 -0.2622602 -0.4521818 166.74 -62.22993 139.0436 1.083374 1.571655 1.907349
88530	/body/1/gyro/6/ 0.9739888 -0.2078857 0.05145152 0.07404185 172.8823 7.528011 21.09769 -1.403809 0.5340576 1.602173
88532	/body/1/gyro/1/ -0.6625144 -0.05491846 -0.2509804 -0.7036104 83.10234 14.78981 -28.66893 -5.813599 -0.4425049 -2.349854
88532	/body/1/gyro/2/ 0.2032279 0.6619132 0.6053115 0.3926415 87.54856 -15.88795 -131.8205 -1.937866 4.302979 3.707886
88532	/body/1/gyro/3/ -0.02001279 -0.4617506 0.08302598 0.8828887 -11.06526 54.29432 -18.96139 -0.09155273 0.7019043 0.5950928
88532	/body/1/gyro/4/ -0.32077 0.11336 -0.09298896 -0.9357399 37.00554 15.77182 -8.572438 4.058838 4.730225 -9.796143
88532	/body/1/gyro/5/ 0.3367032 -0.7835501 -0.261463 -0.4520146 166.9537 -62.18061 138.8509 2.090454 0.3509521 1.77002
88532	/body/1/gyro/6/ 0.973895 -0.2079728 0.05179092 0.07479041 172.806 7.584404 21.10115 -1.663208 0.6561279 1.327515
88534	/body/1/gyro/1/ -0.6613979 -0.04426726 -0.2350292 -0.710883 82.81387 14.35671 -26.44447 -4.470825 1.098633 -1.678467
88534	/body/1/gyro/2/ 0.1940897 0.6642174 0.6118283 0.3831589 87.48164 -15.75369 -133.5001 -0.869751 0.8850098 2.975464
88534	/body/1/gyro/3/ -0.0185655 -0.4614177 0.07931544 0.8834354 -10.47164 54.32327 -18.17447 -0.1831055 0.1373291 1.266479
88534	/body/1/gyro/4/ -0.3181421 0.1105093 -0.09298214 -0.9369779 36.66891 15.4414 -8.719727 1.00708 1.281738 -3.585815
88534	/body/1/gyro/5/ 0.3373133 -0.7837859 -0.260276 -0.451836 167.2556 -62.11334 138.5944 2.39563 0.1525879 1.693726
88534	/body/1/gyro/6/ 0.9737493 -0.2082897 0.05169651 0.07586193 172.685 7.601447 21.13117 -1.174927 1.190186 0.5340576
88536	/body/1/gyro/1/ -0.661667 -0.03345492 -0.2190678 -0.7163008 82.76748 14.00297 -24.18869 -3.997803 0.4272461 -2.502441
88537	/body/1/gyro/2/ 0.1845666 0.6676157 0.6162887 0.374717 87.59033 -15.83341 -135.1179 1.12915 1.785278 2.624512
88538	/body/1/gyro/3/ -0.01888737 -0.4614505 0.07713368 0.8836046 -10.3346 54.34738 -17.82378 -1.083374 0.579834 1.434326
88538	/body/1/gyro/4/ -0.3211033 0.1129616 -0.09329209 -0.9356436 37.04139 15.74142 -8.615207 0.2746582 0.3051758 -1.663208
88538	/body/1/gyro/5/ 0.3378733 -0.7840011 -0.2589734 -0.4517927 167.5813 -62.05678 138.3307 2.807617 -0.09155273 1.89209
88538	/body/1/gyro/6/ 0.97363 -0.2087658 0.05189167 0.0759528 172.6829 7.629069 21.18571 -0.01525879 1.815796 0.3814697
88539	/body/1/gyro/1/ -0.6610821 -0.02289955 -0.2040147 -0.7216814 82.6145 13.69118 -22.05642 -3.860474 -0.6561279 -2.868652
88540	/body/1/gyro/2/ 0.1768886 0.6690162 0.6203195 0.3692307 87.48135 -15.93745 -136.2656 1.327515 12.46643 4.379272
88540	/body/1/gyro/3/ -0.01920586 -0.4607165 0.07529584 0.8841391 -10.19312 54.27048 -17.49964 -0.9918213 -0.06103516 1.739502
88540	/body/1/gyro/4/ -0.3177635 0.1147907 -0.09491784 -0.9363974 36.60958 15.98003 -8.788935 -0.9460449 0.1373291 -0.1220703
88540	/body/1/gyro/5/ 0.3387142 -0.7844988 -0.2577797 -0.4509811 167.8688 -61.91079 138.0583 4.119873 -0.4882812 0.793457
88540	/body/1/gyro/6/ 0.9734664 -0.2098563 0.05152103 0.07529337 172.7575 7.579952 21.32046 -0.1678467 2.929688 0.1525879
88541	/body/1/gyro/1/ -0.6595167 -0.01137884 -0.1893779 -0.7273543 82.32819 13.48807 -19.91185 -5.584717 0.6408691 -2.914429
88542	/body/1/gyro/2/ 0.1713116 0.668926 0.6257769 0.3627582 87.23828 -15.71849 -137.316 2.105713 14.89258 5.004883
88542	/body/1/gyro/3/ -0.01955783 -0.4615683 0.07375421 0.883817 -10.15461 54.38997 -17.29823 -1.144409 0.6561279 1.312256
88542	/body/1/gyro/4/ -0.3204985 0.1107512 -0.09208501 -0.9362346 36.97472 15.45042 -8.570899 -1.419067 -0.1525879 1.281738
88542	/body/1/gyro/5/ 0.3398036 -0.7851235 -0.256561 -0.4497677 168.1631 -61.71569 137.7525 3.097534 -1.266479 0.4425049
88542	/body/1/gyro/6/ 0.973378 -0.2108618 0.0500051 0.07464615 172.8035 7.401859 21.45001 0.09155273 4.013062 0.1068115
88544	/body/1/gyro/1/ -0.6579985 0.002912083 -0.1721848 -0.7330633 82.08054 13.34795 -17.33409 -7.095337 3.662109 -2.593994
88545	/body/1/gyro/2/ 0.1681351 0.6703453 0.6281233 0.3575316 87.33847 -15.55244 -138.0867 2.792358 18.47839 4.486084
88545	/body/1/gyro/3/ -0.02084626 -0.4613143 0.07316659 0.883969 -10.31317 54.34333 -17.29758 -1.174927 0.213623 1.525879
88545	/body/1/gyro/4/ -0.3129826 0.1115951 -0.09705498 -0.9381731 35.97578 15.67284 -9.225278 -1.296997 -0.8087158 0.9918213
88545	/body/1/gyro/5/ 0.3405708 -0.7854429 -0.2559516 -0.4489762 168.325 -61.59773 137.5615 2.746582 -1.12915 0.2593994
88545	/body/1/gyro/6/ 0.9733168 -0.2117017 0.0488853 0.07380341 172.879 7.262211 21.55956 -0.1373291 4.425049 0.5187988
88546	/body/1/gyro/1/ -0.6561732 0.01580742 -0.1568227 -0.7379658 81.82738 13.24623 -15.03203 -7.324219 3.570557 -2.487183
88546	/body/1/gyro/2/ 0.163506 0.6714769 0.6313481 0.3518296 87.33807 -15.42832 -139.0066 2.716064 14.90784 3.28064
88546	/body/1/gyro/3/ -0.02194715 -0.4622816 0.07265314 0.8834792 -10.50069 54.45343 -17.34626 -0.7781982 0.6408691 1.586914
88546	/body/1/gyro/4/ -0.318975 0.1120776 -0.09615486 -0.9361879 36.73404 15.73529 -9.004673 -0.2593994 -0.5493164 0.6866455
88546	/body/1/gyro/5/ 0.340456 -0.7859882 -0.2558219 -0.4481825 168.2783 -61.48886 137.6175 2.304077 -1.373291 0.2288818
88546	/body/1/gyro/6/ 0.9733996 -0.2118866 0.04687194 0.07348596 172.8693 7.030151 21.59221 -0.8239746 4.989624 1.113892
88549	/body/1/gyro/1/ -0.6541618 0.02736691 -0.1403233 -0.7427199 81.58312 12.9582 -12.7337 -6.896973 3.204346 -2.044678
88549	/body/1/gyro/2/ 0.1612222 0.6727301 0.6363381 0.3413436 87.45877 -14.71911 -140.197 1.739502 11.39832 3.02124
88549	/body/1/gyro/3/ -0.02051311 -0.4624698 0.07582702 0.8831484 -10.54503 54.46376 -17.78286 3.005981 0.9307861 -0.09155273
88549	/body/1/gyro/4/ -0.3213072 0.1093669 -0.09693192 -0.9356307 37.00529 15.48249 -9.150222 -0.1983643 0.3509521 0.5493164
88549	/body/1/gyro/5/ 0.3406916 -0.786359 -0.2556855 -0.4474302 168.2821 -61.39022 137.5924 1.12915 -1.052856 0.1373291
88549	/body/1/gyro/6/ 0.9734281 -0.2119879 0.04494547 0.07401896 172.7649 6.827735 21.60931 -1.525879 4.150391 1.144409
88551	/body/1/gyro/1/ -0.6488129 0.04136504 -0.1288704 -0.7488145 80.85751 13.2485 -10.75919 -5.981445 5.050659 -1.678467
88551	/body/1/gyro/2/ 0.1561767 0.6741253 0.6413084 0.3314926 87.4967 -14.2776 -141.534 0.1068115 6.088257 2.639771
88551	/body/1/gyro/3/ -0.01925724 -0.4613917 0.07790022 0.8835601 -10.46369 54.32462 -17.98698 2.13623 0.4119873 -0.7476807
88551	/body/1/gyro/4/ -0.3268465 0.1138835 -0.09278309 -0.9335915 37.76799 15.86031 -8.425141 -0.04577637 0.4272461 0.2746582
88551	/body/1/gyro/5/ 0.3411258 -0.7863088 -0.2557668 -0.4471409 168.303 -61.36364 137.5203 0.1220703 0.1068115 0.5187988
88551	/body/1/gyro/6/ 0.9734296 -0.212263 0.042849 0.0744524 172.6688 6.605238 21.64874 -1.266479 4.714966 0.5645752
88553	/body/1/gyro/1/ -0.6466355 0.0508179 -0.1174861 -0.7519821 80.62684 13.2011 -9.075124 -4.013062 3.936768 -1.327515
88553	/body/1/gyro/2/ 0.149535 0.6758156 0.6464309 0.3209978 87.53035 -13.91856 -143.0514 -1.525879 0.3967285 2.39563
88553	/body/1/gyro/3/ -0.01943809 -0.4613527 0.07962339 0.8834229 -10.64591 54.29609 -18.30103 0.3051758 0.03051758 -0.5340576
88553	/body/1/gyro/4/ -0.32769 0.1154514 -0.09060402 -0.9333172 37.91025 15.9552 -8.108225 -0.4272461 0.50354 0.8239746
88553	/body/1/gyro/5/ 0.3393368 -0.7861916 -0.256543 -0.4482622 167.9995 -61.51582 137.9366 0.1525879 1.251221 0.1983643
88553	/body/1/gyro/6/ 0.9734785 -0.2122786 0.04083557 0.07489922 172.5713 6.390497 21.65763 -0.7781982 4.898071 0.3051758
88556	/body/1/gyro/1/ -0.6451468 0.05807773 -0.106241 -0.754404 80.50009 12.98584 -7.555565 -3.768921 1.846313 -1.495361
88557	/body/1/gyro/2/ 0.1379212 0.6725463 0.6554883 0.3146336 86.61297 -14.02822 -144.478 -2.288818 -2.120972 2.563477
88557	/body/1/gyro/3/ -0.02007036 -0.4618603 0.08213997 0.8829129 -11.00192 54.3181 -18.81728 0.1220703 -0.5340576 -0.213623
88557	/body/1/gyro/4/ -0.3216393 0.112126 -0.08801699 -0.936071 37.17677 15.4582 -8.046334 -1.358032 -0.2441406 1.098633
88557	/body/1/gyro/5/ 0.3369736 -0.7857669 -0.2575703 -0.4501964 167.6233 -61.77384 138.4682 0.9765625 3.707886 -0.3051758
88557	/body/1/gyro/6/ 0.9735418 -0.2122563 0.03909055 0.07507027 172.511 6.198933 21.66276 -0.6713867 3.982544 0.3967285
88558	/body/1/gyro/1/ -0.6447911 0.06523617 -0.09388863 -0.7557603 80.56182 12.69041 -5.925858 -4.043579 4.40979 -1.586914
88558	/body/1/gyro/2/ 0.1281361 0.6711334 0.6617875 0.3085424 86.07796 -14.15515 -145.7642 -2.89917 0.01525879 3.128052
88558	/body/1/gyro/3/ -0.01960869 -0.4605505 0.08348394 0.8834813 -10.97819 54.14495 -18.95008 0 -1.556396 0.04577637
88558	/body/1/gyro/4/ -0.3078383 0.1094609 -0.1004111 -0.9397721 35.28713 15.51896 -9.764206 -2.410889 -0.1678467 1.38855
88558	/body/1/gyro/5/ 0.3347641 -0.7855917 -0.258716 -0.4514916 167.1942 -61.95685 139.0178 0.50354 4.562378 -0.8087158
88558	/body/1/gyro/6/ 0.9736064 -0.2119932 0.03808156 0.07549346 172.438 6.094067 21.6346 -0.579834 2.685547 1.037598
88560	/body/1/gyro/1/ -0.6441415 0.07371543 -0.08561065 -0.7565174 80.5977 12.81623 -4.561486 -4.714966 1.373291 -2.807617
88560	/body/1/gyro/2/ 0.1208311 0.6697726 0.6681817 0.3005624 85.65009 -13.95399 -147.0334 -2.868652 -0.04577637 2.960205
88560	/body/1/gyro/3/ -0.0185631 -0.4606045 0.08437587 0.883391 -10.88055 54.15999 -19.0174 0.2746582 -0.793457 -0.4119873
88560	/body/1/gyro/4/ -0.3146053 0.1091299 -0.1035325 -0.9372274 36.08186 15.64658 -10.01272 -2.197266 -0.4577637 1.037598
88560	/body/1/gyro/5/ 0.3342805 -0.7857186 -0.2592553 -0.4513197 167.0135 -61.95133 139.1927 -0.6103516 2.182007 -0.1373291
88560	/body/1/gyro/6/ 0.9735954 -0.2120024 0.03831251 0.07549238 172.4436 6.119985 21.63448 -0.1068115 0.4425049 1.647949
88562	/body/1/gyro/1/ -0.6416975 0.08092695 -0.07646509 -0.7588334 80.35809 12.76513 -3.245994 -5.53894 -0.2288818 -3.311157
88563	/body/1/gyro/2/ 0.1107256 0.6700642 0.6731988 0.2925015 85.41714 -14.05829 -148.5467 -3.234863 -0.07629395 2.27356
88563	/body/1/gyro/3/ -0.01743591 -0.4601204 0.08564618 0.883544 -10.77635 54.10439 -19.11853 0.7781982 -0.06103516 -1.525879
88563	/body/1/gyro/4/ -0.315963 0.1056538 -0.1096594 -0.9364718 36.16125 15.49655 -10.80069 -1.983643 -0.4577637 1.449585
88563	/body/1/gyro/5/ 0.3344105 -0.7859228 -0.2589408 -0.4510483 167.0743 -61.90444 139.1434 -0.4425049 0.50354 0.3662109
88563	/body/1/gyro/6/ 0.9735804 -0.2118438 0.03957254 0.07548154 172.4732 6.259673 21.6094 0.2441406 -0.9307861 2.182007
88565	/body/1/gyro/1/ -0.6377097 0.08789278 -0.06659088 -0.762343 79.89462 12.64679 -1.909313 -6.576538 1.647949 -4.013062
88565	/body/1/gyro/2/ 0.102837 0.6690791 0.6787763 0.2846408 85.06312 -13.96255 -149.8476 -3.448486 1.403809 2.349854
88565	/body/1/gyro/3/ -0.0171198 -0.4599821 0.08705349 0.8834846 -10.83945 54.07576 -19.3291 1.464844 0.3356934 -1.998901
88565	/body/1/gyro/4/ -0.317003 0.1033824 -0.1145559 -0.9357874 36.22209 15.43334 -11.41335 -2.624512 -0.7019043 2.868652
88565	/body/1/gyro/5/ 0.3341695 -0.7860519 -0.2591675 -0.4508717 166.9866 -61.88808 139.2305 -0.3967285 0.2593994 0.1678467
88565	/body/1/gyro/6/ 0.9735816 -0.2116269 0.0414285 0.075077 172.5608 6.45626 21.57699 0.1373291 -0.9613037 2.639771
88567	/body/1/gyro/1/ -0.6322446 0.09751116 -0.05834575 -0.7663903 79.26795 12.89945 -0.5387157 -7.278442 1.266479 -4.684448
88567	/body/1/gyro/2/ 0.09393615 0.6680397 0.684931 0.2752608 84.69369 -13.83288 -151.3595 -3.78418 -0.8087158 1.77002
88567	/body/1/gyro/3/ -0.01672943 -0.4598047 0.08804611 0.8834861 -10.8514 54.04869 -19.45948 1.525879 -0.4730225 -1.541138
88567	/body/1/gyro/4/ -0.3279746 0.106039 -0.1080534 -0.9324767 37.67694 15.58308 -10.40393 -3.128052 -1.51062 3.692627
88567	/body/1/gyro/5/ 0.3341751 -0.7863066 -0.259353 -0.4503164 166.9153 -61.82532 139.2765 -0.9155273 0.6256104 0.6713867
88567	/body/1/gyro/6/ 0.9735972 -0.2113369 0.04263438 0.07501709 172.5938 6.587775 21.53734 0.8850098 0.2746582 2.716064
88569	/body/1/gyro/1/ -0.6271743 0.106091 -0.05014813 -0.7699884 78.70418 13.07821 0.7568736 -6.591797 1.205444 -5.386353
88570	/body/1/gyro/2/ 0.0856014 0.6690339 0.6892117 0.2646759 84.67783 -13.65997 -152.9703 -3.753662 -1.068115 1.38855
88570	/body/1/gyro/3/ -0.01604077 -0.4594389 0.08842602 0.8836512 -10.74947 54.01109 -19.44937 1.00708 -0.213623 -0.7781982
88570	/body/1/gyro/4/ -0.3259667 0.1049252 -0.1042982 -0.9337335 37.47536 15.30397 -10.05826 -4.196167 -3.189087 4.40979
88570	/body/1/gyro/5/ 0.3343226 -0.7859765 -0.2598127 -0.4505182 166.8586 -61.87436 139.2829 -1.464844 1.052856 1.159668
88570	/body/1/gyro/6/ 0.9737478 -0.2108135 0.04357538 0.0739864 172.7285 6.664626 21.47772 1.495361 0.8239746 3.189087
88572	/body/1/gyro/1/ -0.6231157 0.1151725 -0.042487 -0.7724358 78.32311 13.34862 2.061875 -6.225586 0.4882812 -5.0354
88572	/body/1/gyro/2/ 0.07758109 0.6689324 0.6944681 0.2534258 84.51334 -13.37328 -154.5938 -3.219604 -1.159668 0.9613037
88572	/body/1/gyro/3/ -0.01564807 -0.4600575 0.08798458 0.8833804 -10.67382 54.1016 -19.36798 0.9002686 0.289917 -1.098633
88572	/body/1/gyro/4/ -0.3246308 0.1048918 -0.1000161 -0.9346707 37.36588 15.13031 -9.602797 -5.53894 -3.646851 6.469727
88572	/body/1/gyro/5/ 0.3345478 -0.7861004 -0.2600093 -0.4500211 166.8182 -61.82319 139.278 -1.037598 -0.07629395 1.434326
88572	/body/1/gyro/6/ 0.973956 -0.2101007 0.04383307 0.07311592 172.828 6.667443 21.39816 0.579834 1.449585 3.78418
88574	/body/1/gyro/1/ -0.6200351 0.1225262 -0.03377063 -0.7742115 78.0705 13.39131 3.349406 -4.867554 1.953125 -3.463745
88575	/body/1/gyro/2/ 0.06861279 0.669252 0.6989443 0.2426334 84.41212 -13.22954 -156.2497 -1.831055 -2.716064 0.4425049
88575	/body/1/gyro/3/ -0.014879 -0.4590183 0.0877355 0.8839589 -10.47061 53.98819 -19.21111 0.9918213 0.4272461 -1.907349
88575	/body/1/gyro/4/ -0.3312027 0.1073645 -0.08656371 -0.9334261 38.3669 14.93802 -7.903486 -6.454468 -2.059937 7.629395
88575	/body/1/gyro/5/ 0.335015 -0.78605 -0.2600948 -0.4497122 166.8436 -61.79521 139.198 -1.63269 -0.2593994 1.296997
88575	/body/1/gyro/6/ 0.9741347 -0.2094298 0.0440941 0.07250186 172.8988 6.677186 21.32195 0.1068115 1.449585 3.601074
88577	/body/1/gyro/1/ -0.6154181 0.1295418 -0.02454578 -0.7770953 77.59643 13.38802 4.632524 -3.952026 2.944946 -2.075195
88578	/body/1/gyro/2/ 0.0600748 0.6690671 0.7032965 0.2326247 84.25574 -13.10771 -157.7901 -1.068115 -1.739502 0.3356934
88578	/body/1/gyro/3/ -0.01601282 -0.4599898 0.08825682 0.883382 -10.75674 54.08293 -19.44333 0.3051758 0.4577637 -2.075195
88578	/body/1/gyro/4/ -0.3246004 0.108978 -0.07545729 -0.9365172 37.6945 14.66142 -6.714087 -5.905151 -1.602173 6.576538
88578	/body/1/gyro/5/ 0.3361481 -0.7860286 -0.2601082 -0.4488955 166.9377 -61.70988 138.9871 -1.693726 -0.9002686 1.312256
88578	/body/1/gyro/6/ 0.9742581 -0.208587 0.04454705 0.07299428 172.8478 6.733532 21.21768 -0.3662109 1.174927 2.426147
88579	/body/1/gyro/1/ -0.6130345 0.1364527 -0.01712545 -0.7779949 77.4594 13.49237 5.786747 -2.593994 0.869751 -1.464844
88580	/body/1/gyro/2/ 0.05369943 0.6681589 0.7079695 0.2223944 84.03427 -12.77685 -159.1721 -0.6103516 -0.8087158 0.6103516
88580	/body/1/gyro/3/ -0.01704506 -0.4603748 0.08555828 0.8834276 -10.71409 54.1447 -19.08144 -0.1983643 0.7324219 -1.12915
88580	/body/1/gyro/4/ -0.3193479 0.1106961 -0.06389821 -0.9389783 37.19786 14.40024 -5.447383 -4.608154 -1.815796 5.004883
88580	/body/1/gyro/5/ 0.337314 -0.785764 -0.2602974 -0.4483743 167.0209 -61.67094 138.7735 -1.937866 -1.037598 1.312256
88580	/body/1/gyro/6/ 0.9743186 -0.2080079 0.04509842 0.0734987 172.7994 6.803065 21.14384 -0.09155273 1.861572 1.831055
88582	/body/1/gyro/1/ -0.6106977 0.1403325 -0.008337639 -0.7792853 77.2577 13.23241 6.835223 -2.059937 -0.2593994 -1.068115
88582	/body/1/gyro/2/ 0.04755001 0.6676705 0.7118633 0.2126163 83.89058 -12.48694 -160.501 -0.7171631 -2.456665 1.617432
88582	/body/1/gyro/3/ -0.01842311 -0.4612158 0.083836 0.8831263 -10.83845 54.24614 -18.93984 -0.2288818 0.9155273 -0.3356934
88582	/body/1/gyro/4/ -0.3015351 0.1074195 -0.07285823 -0.9445789 34.86811 14.29243 -6.841928 -3.829956 -1.831055 3.372192
88582	/body/1/gyro/5/ 0.3383629 -0.7854915 -0.2603169 -0.4480501 167.1339 -61.64744 138.5583 -1.51062 -0.9460449 1.495361
88582	/body/1/gyro/6/ 0.9744726 -0.2072801 0.04475678 0.07372117 172.7614 6.764596 21.05845 -0.289917 2.792358 2.5177
