11	/body/1/gyro/1/ -0.004121955 -0.005714339 -0.2575267 0.9662455 -0.2877914 0.7543743 27.31557 -4.959106 1.098633 -1.358032
11	/body/1/gyro/2/ 0.006921533 -0.007438953 -0.2337507 0.9722435 0.9705004 0.6433948 24.51286 -1.541138 0.1831055 1.235962
11	/body/1/gyro/3/ 0.0172231 -0.003569119 -0.09389226 0.995427 2.003421 0.2218133 8.250683 -1.922607 -0.289917 2.044678
11	/body/1/gyro/4/ 0.5518269 -0.619974 0.2638589 0.4914243 150.3321 64.23038 75.25014 -0.9765625 3.417969 -0.1525879
11	/body/1/gyro/5/ -0.0112389 -0.03192074 -0.03847432 0.9986864 -1.147935 3.705174 1.845319 -4.882812 1.51062 -0.8087158
11	/body/1/gyro/6/ 0.5920087 -0.4111454 -0.5798118 -0.379873 145.3274 -87.27991 100.184 0.07629395 1.266479 0.7171631
13	/body/1/gyro/1/ -0.01022403 -0.009043251 -0.2605875 0.9653537 -0.8612108 1.305791 27.67291 -4.959106 1.022339 -1.38855
14	/body/1/gyro/2/ -0.005428564 -0.01122735 -0.2324397 0.9725308 -0.3060246 1.395951 24.3499 -1.63269 0.1678467 1.251221
14	/body/1/gyro/3/ 0.0003525427 -0.009591842 -0.1080055 0.994104 0.1589027 1.088366 9.872787 -1.77002 -0.1831055 1.998901
14	/body/1/gyro/4/ 0.550044 -0.6211112 0.261028 0.4934945 149.8666 64.18222 75.25163 1.296997 -4.02832 1.052856
14	/body/1/gyro/5/ 0.008353909 -0.04184169 -0.03383733 0.9985161 1.122049 4.760674 1.398392 -4.837036 1.586914 -0.7476807
14	/body/1/gyro/6/ 0.5907863 -0.4113982 -0.5810955 -0.3795407 140.936 -87.30165 104.5672 -1.235962 5.996704 0.7629395
15	/body/1/gyro/1/ 0.003432745 -0.004406412 -0.2505265 0.9680936 0.5073315 0.3902819 26.48953 -4.821777 0.9918213 -1.373291
15	/body/1/gyro/2/ 0.01304515 -0.007749062 -0.2268901 0.9738021 1.657476 0.5255515 23.70877 -1.480103 0.2288818 1.205444
16	/body/1/gyro/3/ 0.01728286 -0.01082215 -0.119288 0.9926503 2.114645 0.9948159 11.19326 -1.907349 -0.213623 2.044678
16	/body/1/gyro/4/ 0.5485678 -0.6228479 0.2562334 0.4954577 149.2872 63.93711 75.27498 -1.464844 10.80322 7.949829
16	/body/1/gyro/5/ -0.01155289 -0.03527533 -0.03813392 0.998583 -1.170905 4.090486 1.802084 -4.928589 1.419067 -0.8392334
16	/body/1/gyro/6/ 0.5921365 -0.4116141 -0.5792809 -0.3799762 146.1628 -87.2326 99.40529 0.869751 -1.739502 3.250122
18	/body/1/gyro/1/ -0.01043641 -0.008399876 -0.2511484 0.9678559 -0.9159895 1.232064 26.55378 -4.989624 1.00708 -1.327515
19	/body/1/gyro/2/ -0.004671726 -0.009862151 -0.2304236 0.9730293 -0.260556 1.223087 24.11286 -1.51062 0.1525879 1.235962
19	/body/1/gyro/3/ -0.001631574 -0.008718012 -0.1253843 0.9920686 -0.06023099 1.014582 11.87593 -1.953125 -0.3356934 2.090454
19	/body/1/gyro/4/ 0.5455267 -0.6243665 0.2552698 0.4973978 149.1483 64.10946 75.57429 -0.2593994 -0.2593994 2.319336
19	/body/1/gyro/5/ 0.005603509 -0.04148635 -0.03472185 0.9985198 0.8090137 4.730024 1.486538 -4.91333 1.464844 -0.8392334
19	/body/1/gyro/6/ 0.5919635 -0.4112715 -0.5793887 -0.380452 146.2512 -87.3026 99.32871 -0.6408691 2.288818 0.8392334
20	/body/1/gyro/1/ -0.000550269 -0.006808356 -0.2464934 0.9691204 0.1312122 0.7716547 26.01177 -4.867554 1.068115 -1.358032
20	/body/1/gyro/2/ 0.004774774 -0.009900487 -0.232664 0.9724951 0.7962007 0.9760529 24.38637 -1.495361 0.1983643 1.251221
20	/body/1/gyro/3/ 0.01662708 -0.009982014 -0.1161539 0.9930419 2.025609 0.9146236 10.82906 -1.922607 -0.213623 2.01416
20	/body/1/gyro/4/ 0.5420811 -0.625843 0.2557357 0.499067 149.2261 64.41348 76.00549 1.296997 -4.486084 0.8239746
20	/body/1/gyro/5/ -0.008668134 -0.02932124 -0.01941866 0.9993438 -0.9290529 3.379009 -0.3310077 -4.928589 1.495361 -0.8544922
20	/body/1/gyro/6/ 0.5937217 -0.4149381 -0.5755308 -0.3795855 151.4252 -86.77803 94.43816 2.075195 -12.75635 3.082275
22	/body/1/gyro/1/ -0.0145359 -0.008659337 -0.2481045 0.9685855 -1.367697 1.374512 26.18854 -4.882812 1.083374 -1.373291
22	/body/1/gyro/2/ -0.00752381 -0.01029534 -0.2382794 0.9711129 -0.5563108 1.351241 25.03575 -1.51062 0.1678467 1.281738
22	/body/1/gyro/3/ -0.006782383 -0.01096529 -0.1150866 0.9932718 -0.6275485 1.337643 10.68101 -1.846313 -0.2746582 2.075195
22	/body/1/gyro/4/ 0.5382286 -0.6281475 0.257286 0.4995445 149.7967 64.7604 76.86567 3.40271 -3.143311 -2.944946
22	/body/1/gyro/5/ 0.005182297 -0.04465748 -0.02087789 0.9987707 0.7027631 5.105434 -0.103642 -4.882812 1.495361 -0.7629395
22	/body/1/gyro/6/ 0.5940124 -0.4156838 -0.5741313 -0.3804332 153.6981 -86.72034 92.3226 -0.4272461 -3.448486 3.616333
24	/body/1/gyro/1/ -0.00797734 -0.008759074 -0.2538865 0.9671615 -0.6294384 1.202931 26.88073 -4.882812 1.022339 -1.403809
24	/body/1/gyro/2/ 0.009030663 -0.008696241 -0.2356405 0.9717594 1.240629 0.7245433 24.73879 -1.495361 0.1983643 1.266479
24	/body/1/gyro/3/ 0.01250554 -0.009542964 -0.1101635 0.993789 1.544987 0.9289242 10.13358 -1.846313 -0.1831055 1.998901
25	/body/1/gyro/4/ 0.5359799 -0.6294919 0.2550137 0.5014315 149.4727 64.77734 77.00301 0.3814697 2.853394 0.8850098
25	/body/1/gyro/5/ -0.008601882 -0.02973678 -0.027059 0.9991544 -0.8943052 3.433429 0.5457957 -4.852295 1.464844 -0.7629395
25	/body/1/gyro/6/ 0.5927829 -0.4168569 -0.5740981 -0.3811169 151.9667 -86.7317 94.23594 0.4730225 0.7324219 0.4119873
27	/body/1/gyro/1/ -0.009511001 -0.008264612 -0.2594728 0.9656682 -0.8069308 1.197422 27.54158 -4.943848 1.052856 -1.449585
27	/body/1/gyro/2/ -0.006734652 -0.008687004 -0.2365734 0.9715514 -0.5143913 1.149787 24.8353 -1.541138 0.1220703 1.312256
27	/body/1/gyro/3/ 0.01457127 -0.01151131 -0.08864552 0.9958901 1.78047 1.165742 7.661252 -1.846313 -0.2441406 2.075195
27	/body/1/gyro/4/ 0.5337708 -0.630976 0.2515158 0.5036843 148.9612 64.70621 77.05777 -0.8087158 6.439209 2.166748
27	/body/1/gyro/5/ 0.006413001 -0.04559349 -0.03134524 0.9984476 0.9012492 5.200622 1.107235 -4.837036 1.480103 -0.7629395
27	/body/1/gyro/6/ 0.5941525 -0.4167207 -0.573343 -0.3802691 154.0406 -86.5985 92.06815 -0.9155273 -2.624512 3.601074
30	/body/1/gyro/3/ -0.005949767 -0.007711216 -0.09788173 0.9951504 -0.5920857 0.9461331 8.700055 -1.846313 -0.2593994 1.983643
30	/body/1/gyro/4/ 0.5307109 -0.6327088 0.2480024 0.5064784 148.4162 64.70795 77.17562 -1.174927 4.760742 2.288818
31	/body/1/gyro/5/ -0.00678643 -0.02731991 -0.03860587 0.9988579 -0.6569311 3.158678 1.878649 -4.91333 1.434326 -0.8544922
31	/body/1/gyro/6/ 0.5941383 -0.4166925 -0.5732057 -0.380529 154.3942 -86.61378 91.73701 1.63269 0.8392334 1.327515
32	/body/1/gyro/1/ 0.003005382 -0.00563122 -0.2486283 0.9685779 0.4940354 0.5393964 26.26564 -4.989624 1.113892 -1.434326
33	/body/1/gyro/2/ -0.007378 -0.009680274 -0.234782 0.9719719 -0.5614699 1.27679 24.62334 -1.541138 0.213623 1.251221
33	/body/1/gyro/3/ 0.015282 -0.01028861 -0.09258831 0.9955341 1.85314 1.011635 8.113226 -1.831055 -0.1983643 1.876831
33	/body/1/gyro/4/ 0.527222 -0.6347774 0.2474429 0.5078057 148.5469 64.90446 77.74285 -0.8850098 -1.373291 1.556396
33	/body/1/gyro/5/ 0.006049956 -0.04326193 -0.03563924 0.9984096 0.8721123 4.930944 1.596277 -4.898071 1.449585 -0.7171631
33	/body/1/gyro/6/ 0.5941123 -0.4153904 -0.5736517 -0.3813202 155.2905 -86.77937 90.7873 -0.50354 4.974365 1.098633
34	/body/1/gyro/1/ -0.009612712 -0.007791465 -0.2470283 0.9689292 -0.846952 1.13728 26.0673 -4.928589 1.052856 -1.464844
34	/body/1/gyro/2/ 0.009779752 -0.006815857 -0.2306194 0.972971 1.270662 0.5014855 24.14457 -1.419067 0.1678467 1.190186
34	/body/1/gyro/3/ -0.005148723 -0.009016206 -0.0976479 0.9951668 -0.4863539 1.085865 8.673481 -1.831055 -0.3204346 2.120972
34	/body/1/gyro/4/ 0.5242589 -0.6379172 0.2460437 0.5076187 149.0138 64.90673 78.64701 -1.876831 0.3814697 -1.556396
34	/body/1/gyro/5/ -0.008385288 -0.02942633 -0.04505883 0.9985157 -0.8089792 3.412318 2.613434 -4.898071 1.419067 -0.6713867
34	/body/1/gyro/6/ 0.5929775 -0.4156547 -0.5745443 -0.3814548 152.6467 -86.85154 93.46885 -0.4730225 4.165649 -0.289917
36	/body/1/gyro/1/ -0.0009301644 -0.00690806 -0.2413272 0.9704188 0.08760834 0.793937 25.40107 -4.91333 1.083374 -1.419067
36	/body/1/gyro/2/ -0.005946329 -0.0112935 -0.2385095 0.9710563 -0.3531228 1.419348 25.06509 -1.571655 0.1983643 1.296997
37	/body/1/gyro/3/ 0.01524979 -0.01089627 -0.1031745 0.9944867 1.86734 1.0615 9.333392 -1.937866 -0.1525879 1.831055
37	/body/1/gyro/4/ 0.5220677 -0.6406852 0.2461252 0.5063498 149.769 64.93256 79.6169 0.7476807 -0.5187988 -1.174927
37	/body/1/gyro/5/ 0.007122951 -0.04408449 -0.04158923 0.9981363 1.028799 5.014749 2.286965 -4.837036 1.480103 -0.7171631
37	/body/1/gyro/6/ 0.5938039 -0.4169843 -0.5734053 -0.3804306 153.5036 -86.60771 92.64671 -0.1525879 -7.949829 3.509521
38	/body/1/gyro/1/ -0.01427237 -0.008428849 -0.2473095 0.9687948 -1.346079 1.34033 26.09499 -4.898071 1.068115 -1.373291
39	/body/1/gyro/2/ 0.009437158 -0.008582417 -0.2397756 0.9707446 1.285797 0.6954198 25.2267 -1.51062 0.1220703 1.251221
40	/body/1/gyro/3/ -0.005015774 -0.007521472 -0.1156651 0.9932472 -0.4712589 0.9225972 10.75073 -1.907349 -0.2746582 1.983643
40	/body/1/gyro/4/ 0.5212958 -0.6431857 0.2429505 0.5055075 149.955 64.63118 80.15189 -0.1220703 8.758545 0.5340576
40	/body/1/gyro/5/ -0.01087965 -0.0293126 -0.04529066 0.9984844 -1.094703 3.412368 2.631635 -4.91333 1.464844 -0.8239746
40	/body/1/gyro/6/ 0.5922905 -0.4165561 -0.5748041 -0.3811474 150.6346 -86.79967 95.54024 -0.7476807 6.668091 0.9918213
41	/body/1/gyro/1/ -0.0004787341 -0.008068908 -0.2448707 0.9695221 0.1732497 0.9099195 25.8207 -4.943848 1.068115 -1.281738
41	/body/1/gyro/2/ -0.006042694 -0.01048607 -0.2448826 0.9694772 -0.3771567 1.334626 25.81752 -1.449585 0.1983643 1.251221
41	/body/1/gyro/3/ 0.01424853 -0.009432253 -0.11134 0.9936355 1.743192 0.892222 10.27058 -1.876831 -0.1678467 2.029419
41	/body/1/gyro/4/ 0.5177706 -0.6433489 0.245562 0.5076564 150.0475 65.16076 80.41383 2.929688 -1.556396 -0.7324219
41	/body/1/gyro/5/ 0.004505201 -0.04087016 -0.04181203 0.998279 0.713567 4.658861 2.295789 -4.898071 1.464844 -0.8087158
41	/body/1/gyro/6/ 0.591533 -0.4160573 -0.5760592 -0.3809736 148.1186 -86.89265 97.98846 -1.159668 1.739502 1.815796
43	/body/1/gyro/1/ -0.01054814 -0.008229386 -0.2480843 0.968646 -0.9371338 1.213408 26.19107 -4.837036 1.052856 -1.373291
43	/body/1/gyro/2/ 0.009872611 -0.006510135 -0.2391791 0.9709035 1.276975 0.4537174 25.15322 -1.464844 0.1678467 1.220703
43	/body/1/gyro/3/ 0.02338203 -0.009426716 -0.09175136 0.9954628 2.767704 0.8295128 8.022137 -1.815796 -0.1831055 1.922607
44	/body/1/gyro/4/ 0.5149904 -0.6439793 0.2439236 0.5104674 149.5424 65.32595 80.37196 -0.289917 4.562378 1.464844
44	/body/1/gyro/5/ -0.003934959 -0.02902164 -0.02251383 0.9993175 -0.3763728 3.3354 0.04026222 -4.882812 1.480103 -0.793457
44	/body/1/gyro/6/ 0.5911605 -0.4154195 -0.5762287 -0.3819901 148.4047 -87.03304 97.73704 1.38855 -0.04577637 1.556396
45	/body/1/gyro/1/ -0.01177548 -0.01073568 -0.259506 0.96561 -0.9841197 1.538266 27.54221 -5.004883 1.098633 -1.434326
46	/body/1/gyro/2/ -0.009161734 -0.01116307 -0.2417999 0.9702187 -0.7095422 1.495122 25.44932 -1.464844 0.1678467 1.220703
46	/body/1/gyro/3/ 0.02227962 -0.009060882 -0.0672263 0.9974478 2.61755 0.8640509 5.201356 -1.876831 -0.2441406 1.922607
46	/body/1/gyro/4/ 0.5128246 -0.6484423 0.2429458 0.5074553 150.7611 65.13325 81.87473 -1.12915 5.661011 -0.1983643
46	/body/1/gyro/5/ 0.005953916 -0.04677781 -0.02874061 0.998474 0.8389583 5.340283 0.8066814 -4.91333 1.525879 -0.793457
46	/body/1/gyro/6/ 0.5909763 -0.4155 -0.5766475 -0.3815553 147.2044 -87.01417 98.90283 -0.4882812 4.180908 0.1068115
47	/body/1/gyro/1/ -0.008372337 -0.007117346 -0.2637764 0.9645213 -0.7103633 1.039776 28.05396 -5.020142 1.052856 -1.373291
48	/body/1/gyro/2/ 0.006714438 -0.007631381 -0.2373656 0.9713672 0.9550706 0.6668343 24.93922 -1.464844 0.1983643 1.190186
48	/body/1/gyro/3/ 0.01345091 -0.008465491 -0.04937937 0.9986537 1.587583 0.8926925 3.143845 -1.800537 -0.2288818 1.983643
48	/body/1/gyro/4/ 0.51114 -0.6494381 0.2424735 0.5081069 150.8124 65.20906 82.15056 1.373291 -0.1983643 -0.9613037
48	/body/1/gyro/5/ -0.004832103 -0.03092221 -0.03193158 0.9989999 -0.4408724 3.559851 1.117806 -4.867554 1.434326 -0.793457
48	/body/1/gyro/6/ 0.590873 -0.4151475 -0.5767469 -0.3819485 147.3698 -87.07625 98.74041 -0.6561279 4.348755 2.243042
50	/body/1/gyro/1/ -0.008090987 -0.01005778 -0.2677973 0.9633888 -0.5847427 1.358759 28.53219 -4.882812 1.159668 -1.419067
50	/body/1/gyro/2/ -0.006022361 -0.009238639 -0.2388589 0.9709917 -0.4173141 1.192885 25.10577 -1.495361 0.1220703 1.220703
51	/body/1/gyro/3/ -0.001406984 -0.01068926 -0.06812745 0.9976184 -0.07741317 1.233061 5.282505 -1.876831 -0.2288818 1.998901
51	/body/1/gyro/4/ 0.50976 -0.6508578 0.2406142 0.5085604 150.7763 65.13649 82.42452 0.579834 -1.419067 -1.235962
51	/body/1/gyro/5/ 0.009494178 -0.04607638 -0.02190588 0.9986526 1.207315 5.256388 0.0386343 -4.928589 1.373291 -0.8239746
51	/body/1/gyro/6/ 0.5914611 -0.415513 -0.5758156 -0.382046 149.399 -87.00618 96.75784 0.5340576 -1.998901 2.075195
52	/body/1/gyro/1/ -0.007937086 -0.004663559 -0.2701324 0.9627792 -0.7313941 0.7602274 28.8108 -4.882812 0.9460449 -1.403809
52	/body/1/gyro/2/ 0.01354623 -0.008931038 -0.2339415 0.9721153 1.748797 0.631753 24.54174 -1.434326 0.1068115 1.251221
52	/body/1/gyro/3/ -0.001004712 -0.01115408 -0.09237353 0.9956614 0.003437322 1.28336 8.071044 -1.922607 -0.3051758 1.922607
52	/body/1/gyro/4/ 0.5086007 -0.6515347 0.239238 0.5095027 150.5883 65.13085 82.4861 3.128052 3.311157 0.1831055
53	/body/1/gyro/5/ -0.007108786 -0.03207219 -0.02468555 0.9991554 -0.7247199 3.694767 0.2771959 -4.91333 1.449585 -0.7781982
53	/body/1/gyro/6/ 0.5914705 -0.4157027 -0.5758448 -0.3817809 149.0727 -86.97347 97.07733 -0.8544922 3.692627 0.8087158
54	/body/1/gyro/1/ 0.00117192 -0.007209458 -0.260535 0.9654368 0.3449224 0.7626236 27.67674 -4.898071 1.037598 -1.281738
55	/body/1/gyro/2/ -0.004768393 -0.009387962 -0.2377649 0.9712657 -0.2749925 1.17487 24.97805 -1.434326 0.1678467 1.235962
55	/body/1/gyro/3/ 0.01060674 -0.0104819 -0.1086444 0.9939688 1.338961 1.061903 9.95816 -1.831055 -0.1983643 1.922607
55	/body/1/gyro/4/ 0.5057739 -0.651453 0.2400394 0.5120379 150.3438 65.49825 82.4929 1.266479 -5.203247 -1.174927
55	/body/1/gyro/5/ 0.008529929 -0.04283765 -0.02151633 0.9988139 1.085932 4.887906 -0.01551461 -4.882812 1.434326 -0.7019043
55	/body/1/gyro/6/ 0.5906246 -0.4154991 -0.5768425 -0.381806 146.5774 -87.04998 99.55369 -1.144409 3.952026 1.754761
57	/body/1/gyro/1/ -0.008943917 -0.006994715 -0.2585305 0.9659364 -0.7829175 1.039256 27.43065 -4.882812 1.052856 -1.419067
57	/body/1/gyro/2/ 0.01203924 -0.007593179 -0.2285379 0.9734309 1.542047 0.5317139 23.9019 -1.51062 0.1678467 1.358032
57	/body/1/gyro/3/ -0.003751817 -0.008554969 -0.1214203 0.9925572 -0.3077458 1.025288 11.41602 -1.861572 -0.2593994 2.029419
57	/body/1/gyro/4/ 0.5029691 -0.6512127 0.2414334 0.5144453 150.1696 65.90836 82.51408 2.89917 -7.156372 -1.953125
57	/body/1/gyro/5/ -0.0080393 -0.03588347 -0.03466747 0.9987221 -0.7795685 4.142232 1.417893 -4.882812 1.495361 -0.7171631
57	/body/1/gyro/6/ 0.5899465 -0.4151384 -0.5774324 -0.3823545 145.2315 -87.1562 100.9162 -0.2441406 4.364014 0.6866455
