88404	/frame 511744 /track 1 0.4302486 3.018283 0.06317893 0.1639107 0.8045132 -0.5939348 0.02647917
88404	/frame 511744 /track 1 0.4302486 3.018283 0.06317893 0.1639107 0.8045132 -0.5939348 0.02647917
88405	/frame 511745 /track 1 0.4304966 3.018148 0.06321537 0.163948 0.8207071 -0.5713491 0.02549178
88405	/frame 511745 /track 1 0.4304966 3.018148 0.06321537 0.163948 0.8207071 -0.5713491 0.02549178
88406	/frame 511746 /track 1 0.4307171 3.018025 0.06324773 0.163982 0.832005 -0.5547681 0.02451953
88406	/frame 511746 /track 1 0.4307171 3.018025 0.06324773 0.163982 0.832005 -0.5547681 0.02451953
88407	/frame 511747 /track 1 0.4304616 3.018364 0.06321021 0.1638882 0.8871506 -0.4614801 0.02442393
88407	/frame 511747 /track 1 0.4304616 3.018364 0.06321021 0.1638882 0.8871506 -0.4614801 0.02442393
88408	/frame 511748 /track 1 0.4302366 3.018658 0.06317718 0.1638067 0.9419928 -0.3356331 0.02445067
88408	/frame 511748 /track 1 0.4302366 3.018658 0.06317718 0.1638067 0.9419928 -0.3356331 0.02445067
88409	/frame 511749 /track 1 0.4300415 3.01891 0.06314854 0.163737 0.9852672 -0.1710225 0.02387906
88409	/frame 511749 /track 1 0.4300415 3.01891 0.06314854 0.163737 0.9852672 -0.1710225 0.02387906
88410	/frame 511750 /track 1 0.4308837 3.017553 0.06327221 0.1641129 0.9455606 -0.3254462 0.03088634
88410	/frame 511750 /track 1 0.4308837 3.017553 0.06327221 0.1641129 0.9455606 -0.3254462 0.03088634
88411	/frame 511751 /track 1 0.431624 3.016359 0.0633809 0.1644436 0.8943682 -0.4473313 0.03606028
88411	/frame 511751 /track 1 0.431624 3.016359 0.0633809 0.1644436 0.8943682 -0.4473313 0.03606028
88412	/frame 511752 /track 1 0.4313679 3.016894 0.0633433 0.1642952 0.9628547 -0.27002 0.03616401
88412	/frame 511752 /track 1 0.4313679 3.016894 0.0633433 0.1642952 0.9628547 -0.27002 0.03616401
88413	/frame 511753 /track 1 0.4313553 3.016486 0.06334145 0.1644084 0.8776969 -0.4792162 0.03495118
88413	/frame 511753 /track 1 0.4313553 3.016486 0.06334145 0.1644084 0.8776969 -0.4792162 0.03495118
88414	/frame 511754 /track 1 0.4313356 3.016141 0.06333856 0.1645038 0.7634493 -0.6458678 0.03348593
88414	/frame 511754 /track 1 0.4313356 3.016141 0.06333856 0.1645038 0.7634493 -0.6458678 0.03348593
88415	/frame 511755 /track 1 0.431311 3.015856 0.06333494 0.1645828 0.6375072 -0.7704445 0.03192614
88415	/frame 511755 /track 1 0.431311 3.015856 0.06333494 0.1645828 0.6375072 -0.7704445 0.03192614
88416	/frame 511756 /track 1 0.4313953 3.016073 0.06334732 0.1645226 0.8055257 -0.5925609 0.03010405
88416	/frame 511756 /track 1 0.4313953 3.016073 0.06334732 0.1645226 0.8055257 -0.5925609 0.03010405
88417	/frame 511757 /track 1 0.4314636 3.016282 0.06335735 0.164465 0.9284942 -0.371347 0.02838224
88417	/frame 511757 /track 1 0.4314636 3.016282 0.06335735 0.164465 0.9284942 -0.371347 0.02838224
88417	/frame 511758 /track 1 0.4315176 3.016477 0.06336529 0.1644108 0.9917247 -0.1283828 0.02838224
88417	/frame 511758 /track 1 0.4315176 3.016477 0.06336529 0.1644108 0.9917247 -0.1283828 0.02838224
88418	/frame 511759 /track 1 0.431559 3.016657 0.06337137 0.1643609 0.9938511 0.1107249 0.02669846
88418	/frame 511759 /track 1 0.431559 3.016657 0.06337137 0.1643609 0.9938511 0.1107249 0.02669846
88419	/frame 511760 /track 1 0.4321499 3.015812 0.06345814 0.1645951 0.9964991 -0.08360434 0.03009592
88419	/frame 511760 /track 1 0.4321499 3.015812 0.06345814 0.1645951 0.9964991 -0.08360434 0.03009592
88420	/frame 511761 /track 1 0.4326598 3.015078 0.06353302 0.1647985 0.9690925 -0.2466978 0.03234416
88420	/frame 511761 /track 1 0.4326598 3.015078 0.06353302 0.1647985 0.9690925 -0.2466978 0.03234416
88421	/frame 511762 /track 1 0.4325325 3.015571 0.06351431 0.1646618 0.9999941 -0.003445833 0.03229392
88421	/frame 511762 /track 1 0.4325325 3.015571 0.06351431 0.1646618 0.9999941 -0.003445833 0.03229392
88422	/frame 511763 /track 1 0.4324049 3.016021 0.06349558 0.1645371 0.9687223 0.2481474 0.03152819
88422	/frame 511763 /track 1 0.4324049 3.016021 0.06349558 0.1645371 0.9687223 0.2481474 0.03152819
88423	/frame 511764 /track 1 0.4322807 3.016426 0.06347734 0.164425 0.8776846 0.4792387 0.03119693
88423	/frame 511764 /track 1 0.4322807 3.016426 0.06347734 0.164425 0.8776846 0.4792387 0.03119693
88424	/frame 511765 /track 1 0.4313781 3.017568 0.0633448 0.1641086 0.7295328 0.6839458 0.03664094
88424	/frame 511765 /track 1 0.4313781 3.017568 0.0633448 0.1641086 0.7295328 0.6839458 0.03664094
88425	/frame 511766 /track 1 0.4312561 3.017779 0.06332689 0.1640501 0.5563256 0.8309644 0.03441164
88425	/frame 511766 /track 1 0.4312561 3.017779 0.06332689 0.1640501 0.5563256 0.8309644 0.03441164
88426	/frame 511767 /track 1 0.4311544 3.017949 0.06331195 0.164003 0.3777889 0.9258918 0.03220869
88426	/frame 511767 /track 1 0.4311544 3.017949 0.06331195 0.164003 0.3777889 0.9258918 0.03220869
88427	/frame 511768 /track 1 0.4310711 3.018083 0.06329972 0.1639661 0.2098583 0.9777318 0.02991214
88427	/frame 511768 /track 1 0.4310711 3.018083 0.06329972 0.1639661 0.2098583 0.9777318 0.02991214
88428	/frame 511769 /track 1 0.4310046 3.018184 0.06328995 0.1639381 0.06007674 0.9981937 0.02767745
88428	/frame 511769 /track 1 0.4310046 3.018184 0.06328995 0.1639381 0.06007674 0.9981937 0.02767745
88429	/frame 511770 /track 1 0.4309528 3.018705 0.06328235 0.1637936 0.02820991 0.9996021 0.02799336
88429	/frame 511770 /track 1 0.4309528 3.018705 0.06328235 0.1637936 0.02820991 0.9996021 0.02799336
88430	/frame 511771 /track 1 0.4306898 3.018698 0.06324372 0.1637956 -0.2194512 0.9756235 0.02674173
88430	/frame 511771 /track 1 0.4306898 3.018698 0.06324372 0.1637956 -0.2194512 0.9756235 0.02674173
88431	/frame 511772 /track 1 0.4304665 3.018673 0.06321094 0.1638026 -0.4439993 0.8960271 0.02547177
88431	/frame 511772 /track 1 0.4304665 3.018673 0.06321094 0.1638026 -0.4439993 0.8960271 0.02547177
88432	/frame 511773 /track 1 0.4302803 3.018634 0.06318361 0.1638132 -0.6325933 0.7744842 0.02398082
88432	/frame 511773 /track 1 0.4302803 3.018634 0.06318361 0.1638132 -0.6325933 0.7744842 0.02398082
88433	/frame 511774 /track 1 0.430128 3.018587 0.06316124 0.1638264 -0.7802404 0.6254798 0.02264613
88433	/frame 511774 /track 1 0.430128 3.018587 0.06316124 0.1638264 -0.7802404 0.6254798 0.02264613
88434	/frame 511775 /track 1 0.4288856 3.017749 0.0629788 0.1640585 -0.8978777 0.440245 0.02919631
88434	/frame 511775 /track 1 0.4288856 3.017749 0.0629788 0.1640585 -0.8978777 0.440245 0.02919631
88435	/frame 511776 /track 1 0.4278134 3.017009 0.06282135 0.1642636 -0.965656 0.2598242 0.03442086
88435	/frame 511776 /track 1 0.4278134 3.017009 0.06282135 0.1642636 -0.965656 0.2598242 0.03442086
88436	/frame 511777 /track 1 0.4283601 3.017149 0.06290164 0.1642247 -0.9130971 0.4077421 0.03429919
88436	/frame 511777 /track 1 0.4283601 3.017149 0.06290164 0.1642247 -0.9130971 0.4077421 0.03429919
88437	/frame 511778 /track 1 0.4288718 3.017282 0.06297676 0.164188 -0.8180034 0.5752134 0.03397816
88437	/frame 511778 /track 1 0.4288718 3.017282 0.06297676 0.164188 -0.8180034 0.5752134 0.03397816
88438	/frame 511779 /track 1 0.4291178 3.01774 0.06301289 0.1640608 -0.6594857 0.7517172 0.03364349
88438	/frame 511779 /track 1 0.4291178 3.01774 0.06301289 0.1640608 -0.6594857 0.7517172 0.03364349
88439	/frame 511780 /track 1 0.4293472 3.018146 0.06304657 0.1639486 -0.4830841 0.875574 0.0331886
88439	/frame 511780 /track 1 0.4293472 3.018146 0.06304657 0.1639486 -0.4830841 0.875574 0.0331886
88440	/frame 511781 /track 1 0.4298934 3.017489 0.06312679 0.1641305 -0.4270583 0.9042242 0.03489407
88440	/frame 511781 /track 1 0.4298934 3.017489 0.06312679 0.1641305 -0.4270583 0.9042242 0.03489407
88441	/frame 511782 /track 1 0.4303759 3.01691 0.06319764 0.1642909 -0.3503984 0.9366007 0.03583759
88441	/frame 511782 /track 1 0.4303759 3.01691 0.06319764 0.1642909 -0.3503984 0.9366007 0.03583759
88442	/frame 511783 /track 1 0.4307956 3.016408 0.06325926 0.16443 -0.2465116 0.9691398 0.03634474
88442	/frame 511783 /track 1 0.4307956 3.016408 0.06325926 0.16443 -0.2465116 0.9691398 0.03634474
88443	/frame 511784 /track 1 0.4299218 3.017548 0.06313096 0.1641142 -0.3234501 0.9462452 0.04115968
88443	/frame 511784 /track 1 0.4299218 3.017548 0.06313096 0.1641142 -0.3234501 0.9462452 0.04115968
88444	/frame 511785 /track 1 0.4291486 3.018556 0.06301742 0.1638348 -0.3839674 0.9233466 0.04410368
88444	/frame 511785 /track 1 0.4291486 3.018556 0.06301742 0.1638348 -0.3839674 0.9233466 0.04410368
88445	/frame 511786 /track 1 0.428475 3.019435 0.0629185 0.1635915 -0.4314531 0.9021353 0.0470728
88445	/frame 511786 /track 1 0.428475 3.019435 0.0629185 0.1635915 -0.4314531 0.9021353 0.0470728
88446	/frame 511787 /track 1 0.4284577 3.019516 0.06291596 0.1635691 -0.3885563 0.921425 0.04285174
88446	/frame 511787 /track 1 0.4284577 3.019516 0.06291596 0.1635691 -0.3885563 0.921425 0.04285174
88447	/frame 511788 /track 1 0.4285714 3.019788 0.06293266 0.1634937 -0.2450588 0.9695082 0.04030234
88447	/frame 511788 /track 1 0.4285714 3.019788 0.06293266 0.1634937 -0.2450588 0.9695082 0.04030234
88448	/frame 511789 /track 1 0.4286855 3.020005 0.06294942 0.1634336 -0.1067966 0.9942808 0.03780555
88448	/frame 511789 /track 1 0.4286855 3.020005 0.06294942 0.1634336 -0.1067966 0.9942808 0.03780555
88449	/frame 511790 /track 1 0.4292451 3.019837 0.06303158 0.16348 0.143993 0.9895788 0.03727023
88449	/frame 511790 /track 1 0.4292451 3.019837 0.06303158 0.16348 0.143993 0.9895788 0.03727023
88450	/frame 511791 /track 1 0.429742 3.01967 0.06310455 0.1635264 0.3876632 0.9218011 0.03682042
88450	/frame 511791 /track 1 0.429742 3.01967 0.06310455 0.1635264 0.3876632 0.9218011 0.03682042
88451	/frame 511792 /track 1 0.4301765 3.019507 0.06316835 0.1635714 0.5987979 0.8009002 0.03603803
88451	/frame 511792 /track 1 0.4301765 3.019507 0.06316835 0.1635714 0.5987979 0.8009002 0.03603803
88452	/frame 511793 /track 1 0.4299901 3.019689 0.06314099 0.163521 0.3941467 0.9190475 0.03388207
88452	/frame 511793 /track 1 0.4299901 3.019689 0.06314099 0.163521 0.3941467 0.9190475 0.03388207
88453	/frame 511794 /track 1 0.4298179 3.019839 0.0631157 0.1634794 0.1852867 0.9826845 0.03183707
88453	/frame 511794 /track 1 0.4298179 3.019839 0.0631157 0.1634794 0.1852867 0.9826845 0.03183707
88454	/frame 511795 /track 1 0.4296615 3.01996 0.06309274 0.163446 -0.01222407 0.9999253 0.02997003
88454	/frame 511795 /track 1 0.4296615 3.01996 0.06309274 0.163446 -0.01222407 0.9999253 0.02997003
88455	/frame 511796 /track 1 0.4290735 3.020279 0.06300639 0.1633577 -0.2039851 0.978974 0.03090824
88455	/frame 511796 /track 1 0.4290735 3.020279 0.06300639 0.1633577 -0.2039851 0.978974 0.03090824
88456	/frame 511797 /track 1 0.4285595 3.020546 0.06293091 0.1632836 -0.3633778 0.9316419 0.03122591
88456	/frame 511797 /track 1 0.4285595 3.020546 0.06293091 0.1632836 -0.3633778 0.9316419 0.03122591
88457	/frame 511798 /track 1 0.4281173 3.020767 0.06286598 0.1632225 -0.4911487 0.8710757 0.03119109
88457	/frame 511798 /track 1 0.4281173 3.020767 0.06286598 0.1632225 -0.4911487 0.8710757 0.03119109
88458	/frame 511799 /track 1 0.4284155 3.020384 0.06290977 0.1633286 -0.4474934 0.8942872 0.0306264
88458	/frame 511799 /track 1 0.4284155 3.020384 0.06290977 0.1633286 -0.4474934 0.8942872 0.0306264
88459	/frame 511800 /track 1 0.4291393 3.019249 0.06301605 0.1636428 -0.4161066 0.9093158 0.03597392
88459	/frame 511800 /track 1 0.4291393 3.019249 0.06301605 0.1636428 -0.4161066 0.9093158 0.03597392
88460	/frame 511801 /track 1 0.4297805 3.018251 0.06311021 0.1639194 -0.3726682 0.9279647 0.04028761
88460	/frame 511801 /track 1 0.4297805 3.018251 0.06311021 0.1639194 -0.3726682 0.9279647 0.04028761
88461	/frame 511802 /track 1 0.4298916 3.01817 0.06312652 0.1639418 -0.2117801 0.9773173 0.03702109
88461	/frame 511802 /track 1 0.4298916 3.01817 0.06312652 0.1639418 -0.2117801 0.9773173 0.03702109
88462	/frame 511803 /track 1 0.4299808 3.018117 0.06313961 0.1639566 0.004759509 0.9999886 0.03396859
88462	/frame 511803 /track 1 0.4299808 3.018117 0.06313961 0.1639566 0.004759509 0.9999886 0.03396859
88463	/frame 511804 /track 1 0.4300505 3.018086 0.06314985 0.1639651 0.2529744 0.967473 0.0310481
88463	/frame 511804 /track 1 0.4300505 3.018086 0.06314985 0.1639651 0.2529744 0.967473 0.0310481
88464	/frame 511805 /track 1 0.4303273 3.018074 0.0631905 0.1639685 0.4664809 0.8845312 0.0294828
88464	/frame 511805 /track 1 0.4303273 3.018074 0.0631905 0.1639685 0.4664809 0.8845312 0.0294828
88465	/frame 511806 /track 1 0.4305608 3.018076 0.06322479 0.1639678 0.6291475 0.7772861 0.02790812
88465	/frame 511806 /track 1 0.4305608 3.018076 0.06322479 0.1639678 0.6291475 0.7772861 0.02790812
88466	/frame 511807 /track 1 0.4301939 3.01809 0.06317091 0.1639641 0.4329073 0.9014385 0.02741236
88466	/frame 511807 /track 1 0.4301939 3.01809 0.06317091 0.1639641 0.4329073 0.9014385 0.02741236
88467	/frame 511808 /track 1 0.429862 3.018112 0.06312218 0.163958 0.1943535 0.9809315 0.02674989
88467	/frame 511808 /track 1 0.429862 3.018112 0.06312218 0.163958 0.1943535 0.9809315 0.02674989
88468	/frame 511809 /track 1 0.4294545 3.018812 0.06306233 0.163764 0.05650247 0.9984024 0.02884069
88468	/frame 511809 /track 1 0.4294545 3.018812 0.06306233 0.163764 0.05650247 0.9984024 0.02884069
88469	/frame 511810 /track 1 0.4290978 3.01943 0.06300995 0.1635928 -0.056812 0.9983848 0.03041744
88469	/frame 511810 /track 1 0.4290978 3.01943 0.06300995 0.1635928 -0.056812 0.9983848 0.03041744
88470	/frame 511811 /track 1 0.4287905 3.019968 0.06296483 0.1634439 -0.147682 0.9890349 0.03101717
88470	/frame 511811 /track 1 0.4287905 3.019968 0.06296483 0.1634439 -0.147682 0.9890349 0.03101717
88471	/frame 511812 /track 1 0.4294266 3.019867 0.06305824 0.1634718 0.1055357 0.9944155 0.03170391
88471	/frame 511812 /track 1 0.4294266 3.019867 0.06305824 0.1634718 0.1055357 0.9944155 0.03170391
88472	/frame 511813 /track 1 0.4299919 3.019765 0.06314124 0.1635001 0.3485018 0.9373082 0.03212358
88472	/frame 511813 /track 1 0.4299919 3.019765 0.06314124 0.1635001 0.3485018 0.9373082 0.03212358
88473	/frame 511814 /track 1 0.4304863 3.019664 0.06321385 0.163528 0.5570204 0.8304988 0.03187936
88473	/frame 511814 /track 1 0.4304863 3.019664 0.06321385 0.163528 0.5570204 0.8304988 0.03187936
88474	/frame 511815 /track 1 0.4290069 3.019119 0.06299661 0.163679 0.3963252 0.9181103 0.03796565
88474	/frame 511815 /track 1 0.4290069 3.019119 0.06299661 0.163679 0.3963252 0.9181103 0.03796565
88475	/frame 511816 /track 1 0.4277057 3.018637 0.06280554 0.1638124 0.1895953 0.9818624 0.04284127
88475	/frame 511816 /track 1 0.4277057 3.018637 0.06280554 0.1638124 0.1895953 0.9818624 0.04284127
88476	/frame 511817 /track 1 0.426579 3.018218 0.06264009 0.1639287 -0.05155032 0.9986704 0.04562954
88476	/frame 511817 /track 1 0.426579 3.018218 0.06264009 0.1639287 -0.05155032 0.9986704 0.04562954
88477	/frame 511818 /track 1 0.4268519 3.016962 0.06268016 0.1642766 0.002467268 0.9999969 0.04862711
88477	/frame 511818 /track 1 0.4268519 3.016962 0.06268016 0.1642766 0.002467268 0.9999969 0.04862711
88478	/frame 511819 /track 1 0.4284683 3.015877 0.06291752 0.164577 0.2387153 0.9710896 0.05521474
88478	/frame 511819 /track 1 0.4284683 3.015877 0.06291752 0.164577 0.2387153 0.9710896 0.05521474
88479	/frame 511820 /track 1 0.4299043 3.014955 0.06312839 0.1648324 0.4746692 0.8801643 0.05973097
88479	/frame 511820 /track 1 0.4299043 3.014955 0.06312839 0.1648324 0.4746692 0.8801643 0.05973097
88480	/frame 511821 /track 1 0.4311604 3.014186 0.06331284 0.1650456 0.6772345 0.7357671 0.06296478
88480	/frame 511821 /track 1 0.4311604 3.014186 0.06331284 0.1650456 0.6772345 0.7357671 0.06296478
88481	/frame 511822 /track 1 0.4321298 3.013556 0.06345519 0.1652201 0.8292125 0.5589335 0.06389464
88481	/frame 511822 /track 1 0.4321298 3.013556 0.06345519 0.1652201 0.8292125 0.5589335 0.06389464
88482	/frame 511823 /track 1 0.432948 3.013051 0.06357533 0.1653598 0.9255127 0.3787165 0.06315856
88482	/frame 511823 /track 1 0.432948 3.013051 0.06357533 0.1653598 0.9255127 0.3787165 0.06315856
88483	/frame 511824 /track 1 0.433626 3.012659 0.06367488 0.1654686 0.9764415 0.2157822 0.06145141
88483	/frame 511824 /track 1 0.433626 3.012659 0.06367488 0.1654686 0.9764415 0.2157822 0.06145141
88484	/frame 511825 /track 1 0.4328315 3.014269 0.06355822 0.1650226 0.8907672 0.4544601 0.06528071
88484	/frame 511825 /track 1 0.4328315 3.014269 0.06355822 0.1650226 0.8907672 0.4544601 0.06528071
88485	/frame 511826 /track 1 0.4320944 3.015719 0.06344999 0.1646208 0.7530446 0.6579695 0.06959973
88485	/frame 511826 /track 1 0.4320944 3.015719 0.06344999 0.1646208 0.7530446 0.6579695 0.06959973
88486	/frame 511827 /track 1 0.4315345 3.016445 0.06336777 0.1644196 0.5730817 0.8194982 0.06803385
88486	/frame 511827 /track 1 0.4315345 3.016445 0.06336777 0.1644196 0.5730817 0.8194982 0.06803385
88487	/frame 511828 /track 1 0.4310295 3.01708 0.06329361 0.1642438 0.3791546 0.9253333 0.06629964
88487	/frame 511828 /track 1 0.4310295 3.01708 0.06329361 0.1642438 0.3791546 0.9253333 0.06629964
88488	/frame 511829 /track 1 0.4305812 3.017626 0.06322778 0.1640926 0.192345 0.9813274 0.06382421
88488	/frame 511829 /track 1 0.4305812 3.017626 0.06322778 0.1640926 0.192345 0.9813274 0.06382421
88489	/frame 511830 /track 1 0.4298531 3.018872 0.06312086 0.1637474 0.05451907 0.9985127 0.06593192
88489	/frame 511830 /track 1 0.4298531 3.018872 0.06312086 0.1637474 0.05451907 0.9985127 0.06593192
88490	/frame 511831 /track 1 0.4292226 3.01994 0.06302829 0.1634516 -0.06027158 0.998182 0.06708927
88490	/frame 511831 /track 1 0.4292226 3.01994 0.06302829 0.1634516 -0.06027158 0.998182 0.06708927
88491	/frame 511832 /track 1 0.4291338 3.020167 0.06301524 0.1633886 -0.1222153 0.9925036 0.06166547
88491	/frame 511832 /track 1 0.4291338 3.020167 0.06301524 0.1633886 -0.1222153 0.9925036 0.06166547
88492	/frame 511833 /track 1 0.4290751 3.020325 0.06300662 0.1633449 -0.1684631 0.985708 0.05662159
88492	/frame 511833 /track 1 0.4290751 3.020325 0.06300662 0.1633449 -0.1684631 0.985708 0.05662159
88493	/frame 511834 /track 1 0.4290414 3.020425 0.06300167 0.1633172 -0.1994463 0.9799087 0.05161702
88493	/frame 511834 /track 1 0.4290414 3.020425 0.06300167 0.1633172 -0.1994463 0.9799087 0.05161702
88494	/frame 511835 /track 1 0.4289159 3.020364 0.06298324 0.1633341 -0.4395407 0.8982227 0.04718911
88494	/frame 511835 /track 1 0.4289159 3.020364 0.06298324 0.1633341 -0.4395407 0.8982227 0.04718911
88495	/frame 511836 /track 1 0.4293813 3.019719 0.06305158 0.1635129 -0.3882005 0.921575 0.04777472
88495	/frame 511836 /track 1 0.4293813 3.019719 0.06305158 0.1635129 -0.3882005 0.921575 0.04777472
88496	/frame 511837 /track 1 0.4298013 3.019128 0.06311326 0.1636765 -0.3204225 0.9472747 0.0472603
88496	/frame 511837 /track 1 0.4298013 3.019128 0.06311326 0.1636765 -0.3204225 0.9472747 0.0472603
88497	/frame 511838 /track 1 0.4302866 3.018709 0.06318453 0.1637926 -0.1638619 0.9864833 0.04654205
88497	/frame 511838 /track 1 0.4302866 3.018709 0.06318453 0.1637926 -0.1638619 0.9864833 0.04654205
88498	/frame 511839 /track 1 0.4307109 3.018336 0.06324682 0.1638959 0.03056612 0.9995328 0.04521031
88498	/frame 511839 /track 1 0.4307109 3.018336 0.06324682 0.1638959 0.03056612 0.9995328 0.04521031
88499	/frame 511840 /track 1 0.4310759 3.01801 0.06330043 0.1639863 0.2536134 0.9673058 0.0435698
88499	/frame 511840 /track 1 0.4310759 3.01801 0.06330043 0.1639863 0.2536134 0.9673058 0.0435698
88500	/frame 511841 /track 1 0.4298159 3.018961 0.0631154 0.1637228 0.04717449 0.9988867 0.04908042
88500	/frame 511841 /track 1 0.4298159 3.018961 0.0631154 0.1637228 0.04717449 0.9988867 0.04908042
88501	/frame 511842 /track 1 0.4287041 3.019798 0.06295215 0.163491 -0.1325499 0.9911763 0.05190298
88501	/frame 511842 /track 1 0.4287041 3.019798 0.06295215 0.163491 -0.1325499 0.9911763 0.05190298
88502	/frame 511843 /track 1 0.4281867 3.02041 0.06287616 0.1633213 -0.2418464 0.9703144 0.05172291
88502	/frame 511843 /track 1 0.4281867 3.02041 0.06287616 0.1633213 -0.2418464 0.9703144 0.05172291
88503	/frame 511844 /track 1 0.4277522 3.020929 0.06281236 0.1631775 -0.3275633 0.9448293 0.05053351
88503	/frame 511844 /track 1 0.4277522 3.020929 0.06281236 0.1631775 -0.3275633 0.9448293 0.05053351
88504	/frame 511845 /track 1 0.4273941 3.021362 0.06275978 0.1630576 -0.3938855 0.9191595 0.04899059
88504	/frame 511845 /track 1 0.4273941 3.021362 0.06275978 0.1630576 -0.3938855 0.9191595 0.04899059
88505	/frame 511846 /track 1 0.4271053 3.021716 0.06271737 0.1629597 -0.4446526 0.8957031 0.04694479
88505	/frame 511846 /track 1 0.4271053 3.021716 0.06271737 0.1629597 -0.4446526 0.8957031 0.04694479
88506	/frame 511847 /track 1 0.4284473 3.020541 0.06291444 0.1632851 -0.3301836 0.9439167 0.05274158
88506	/frame 511847 /track 1 0.4284473 3.020541 0.06291444 0.1632851 -0.3301836 0.9439167 0.05274158
88507	/frame 511848 /track 1 0.4290829 3.02005 0.06300776 0.1634212 -0.1637843 0.9864962 0.05193044
88507	/frame 511848 /track 1 0.4290829 3.02005 0.06300776 0.1634212 -0.1637843 0.9864962 0.05193044
88508	/frame 511849 /track 1 0.4296433 3.019611 0.06309006 0.1635426 0.04131744 0.999146 0.05118361
88508	/frame 511849 /track 1 0.4296433 3.019611 0.06309006 0.1635426 0.04131744 0.999146 0.05118361
88509	/frame 511850 /track 1 0.4301298 3.018778 0.06316149 0.1637734 0.2102525 0.9776471 0.05209583
88509	/frame 511850 /track 1 0.4301298 3.018778 0.06316149 0.1637734 0.2102525 0.9776471 0.05209583
88510	/frame 511851 /track 1 0.4305454 3.018054 0.06322253 0.1639739 0.4040932 0.9147177 0.05179611
88510	/frame 511851 /track 1 0.4305454 3.018054 0.06322253 0.1639739 0.4040932 0.9147177 0.05179611
88511	/frame 511852 /track 1 0.4308944 3.017435 0.06327378 0.1641454 0.6043665 0.7967064 0.05105757
88511	/frame 511852 /track 1 0.4308944 3.017435 0.06327378 0.1641454 0.6043665 0.7967064 0.05105757
88512	/frame 511853 /track 1 0.4303976 3.018372 0.06320082 0.1638859 0.4308614 0.9024181 0.05218907
88512	/frame 511853 /track 1 0.4303976 3.018372 0.06320082 0.1638859 0.4308614 0.9024181 0.05218907
88513	/frame 511854 /track 1 0.4299454 3.019214 0.06313442 0.1636527 0.2673096 0.9636107 0.05259158
88513	/frame 511854 /track 1 0.4299454 3.019214 0.06313442 0.1636527 0.2673096 0.9636107 0.05259158
88514	/frame 511855 /track 1 0.4307731 3.018277 0.06325597 0.1639121 0.4884682 0.8725817 0.05427617
88514	/frame 511855 /track 1 0.4307731 3.018277 0.06325597 0.1639121 0.4884682 0.8725817 0.05427617
88515	/frame 511856 /track 1 0.4314913 3.01746 0.06336142 0.1641386 0.6915681 0.7223113 0.0556507
88515	/frame 511856 /track 1 0.4314913 3.01746 0.06336142 0.1641386 0.6915681 0.7223113 0.0556507
88516	/frame 511857 /track 1 0.4321044 3.016757 0.06345145 0.1643334 0.8492674 0.5279629 0.05591612
88516	/frame 511857 /track 1 0.4321044 3.016757 0.06345145 0.1643334 0.8492674 0.5279629 0.05591612
88517	/frame 511858 /track 1 0.432619 3.016162 0.06352702 0.164498 0.9487399 0.3160581 0.05469223
88517	/frame 511858 /track 1 0.432619 3.016162 0.06352702 0.164498 0.9487399 0.3160581 0.05469223
88518	/frame 511859 /track 1 0.4336031 3.01466 0.06367153 0.1649142 0.9953085 0.09675302 0.06119584
88518	/frame 511859 /track 1 0.4336031 3.01466 0.06367153 0.1649142 0.9953085 0.09675302 0.06119584
88519	/frame 511860 /track 1 0.4344334 3.013379 0.06379345 0.1652691 0.9949367 -0.1005027 0.06405724
88519	/frame 511860 /track 1 0.4344334 3.013379 0.06379345 0.1652691 0.9949367 -0.1005027 0.06405724
88520	/frame 511861 /track 1 0.4342247 3.013649 0.0637628 0.1651942 0.9931899 0.1165065 0.05978749
88520	/frame 511861 /track 1 0.4342247 3.013649 0.0637628 0.1651942 0.9931899 0.1165065 0.05978749
88521	/frame 511862 /track 1 0.4340008 3.013939 0.06372992 0.165114 0.9360505 0.3518656 0.0559613
88521	/frame 511862 /track 1 0.4340008 3.013939 0.06372992 0.165114 0.9360505 0.3518656 0.0559613
88522	/frame 511863 /track 1 0.4329868 3.01345 0.06358103 0.1652494 0.9461926 0.323604 0.05698643
88522	/frame 511863 /track 1 0.4329868 3.01345 0.06358103 0.1652494 0.9461926 0.323604 0.05698643
88523	/frame 511864 /track 1 0.4320751 3.013058 0.06344716 0.1653579 0.9541614 0.2992927 0.0571247
88523	/frame 511864 /track 1 0.4320751 3.013058 0.06344716 0.1653579 0.9541614 0.2992927 0.0571247
88524	/frame 511865 /track 1 0.4312682 3.012753 0.06332867 0.1654425 0.959797 0.2806951 0.05680451
88524	/frame 511865 /track 1 0.4312682 3.012753 0.06332867 0.1654425 0.959797 0.2806951 0.05680451
88525	/frame 511866 /track 1 0.4317979 3.012859 0.06340645 0.1654131 0.9645463 0.2639141 0.05430152
88525	/frame 511866 /track 1 0.4317979 3.012859 0.06340645 0.1654131 0.9645463 0.2639141 0.05430152
88526	/frame 511867 /track 1 0.432046 3.012763 0.06344288 0.1654397 0.9897439 0.1428531 0.05034963
88526	/frame 511867 /track 1 0.432046 3.012763 0.06344288 0.1654397 0.9897439 0.1428531 0.05034963
88527	/frame 511868 /track 1 0.4322651 3.012709 0.06347505 0.1654547 0.9977714 0.06672481 0.04681908
88527	/frame 511868 /track 1 0.4322651 3.012709 0.06347505 0.1654547 0.9977714 0.06672481 0.04681908
88528	/frame 511869 /track 1 0.4324555 3.012689 0.06350301 0.1654602 0.999476 0.03236742 0.04326357
88528	/frame 511869 /track 1 0.4324555 3.012689 0.06350301 0.1654602 0.999476 0.03236742 0.04326357
88529	/frame 511870 /track 1 0.4326184 3.012696 0.06352694 0.1654582 0.9993883 0.03497065 0.03995657
88529	/frame 511870 /track 1 0.4326184 3.012696 0.06352694 0.1654582 0.9993883 0.03497065 0.03995657
88530	/frame 511871 /track 1 0.4327555 3.012948 0.06354706 0.1653883 0.9748313 0.2229436 0.03764952
88530	/frame 511871 /track 1 0.4327555 3.012948 0.06354706 0.1653883 0.9748313 0.2229436 0.03764952
88531	/frame 511872 /track 1 0.4330927 3.013299 0.06359658 0.1652912 0.9433337 0.3318456 0.03658775
88531	/frame 511872 /track 1 0.4330927 3.013299 0.06359658 0.1652912 0.9433337 0.3318456 0.03658775
88532	/frame 511873 /track 1 0.4333797 3.013619 0.06363872 0.1652026 0.9060476 0.4231757 0.03579295
88532	/frame 511873 /track 1 0.4333797 3.013619 0.06363872 0.1652026 0.9060476 0.4231757 0.03579295
88533	/frame 511874 /track 1 0.4324989 3.015026 0.06350938 0.1648129 0.7718431 0.6358129 0.04143523
88533	/frame 511874 /track 1 0.4324989 3.015026 0.06350938 0.1648129 0.7718431 0.6358129 0.04143523
88534	/frame 511875 /track 1 0.4317181 3.016256 0.06339473 0.164472 0.6005371 0.7995968 0.04586413
88534	/frame 511875 /track 1 0.4317181 3.016256 0.06339473 0.164472 0.6005371 0.7995968 0.04586413
88535	/frame 511876 /track 1 0.4310365 3.017315 0.06329464 0.1641787 0.4173555 0.9087433 0.04967243
88535	/frame 511876 /track 1 0.4310365 3.017315 0.06329464 0.1641787 0.4173555 0.9087433 0.04967243
88536	/frame 511877 /track 1 0.4313476 3.017315 0.06334032 0.1641788 0.5928897 0.8052836 0.04643339
88536	/frame 511877 /track 1 0.4313476 3.017315 0.06334032 0.1641788 0.5928897 0.8052836 0.04643339
88537	/frame 511878 /track 1 0.431635 3.017278 0.06338252 0.164189 0.7366404 0.6762846 0.0436008
88537	/frame 511878 /track 1 0.431635 3.017278 0.06338252 0.164189 0.7366404 0.6762846 0.0436008
88538	/frame 511879 /track 1 0.4318959 3.017214 0.06342085 0.1642068 0.8468375 0.5318518 0.04092072
88538	/frame 511879 /track 1 0.4318959 3.017214 0.06342085 0.1642068 0.8468375 0.5318518 0.04092072
88539	/frame 511880 /track 1 0.4314567 3.017802 0.06335635 0.1640437 0.6885397 0.7251987 0.0409089
88539	/frame 511880 /track 1 0.4314567 3.017802 0.06335635 0.1640437 0.6885397 0.7251987 0.0409089
88540	/frame 511881 /track 1 0.4310754 3.018292 0.06330036 0.1639079 0.5005239 0.8657227 0.04047118
88540	/frame 511881 /track 1 0.4310754 3.018292 0.06330036 0.1639079 0.5005239 0.8657227 0.04047118
88541	/frame 511882 /track 1 0.4303013 3.017572 0.06318669 0.1641076 0.4146939 0.9099609 0.04303452
88541	/frame 511882 /track 1 0.4303013 3.017572 0.06318669 0.1641076 0.4146939 0.9099609 0.04303452
88542	/frame 511883 /track 1 0.4296366 3.016913 0.06308908 0.16429 0.3064804 0.951877 0.04457901
88542	/frame 511883 /track 1 0.4296366 3.016913 0.06308908 0.16429 0.3064804 0.951877 0.04457901
88543	/frame 511884 /track 1 0.4296357 3.017106 0.06308895 0.1642367 0.2458794 0.9693004 0.04125291
88543	/frame 511884 /track 1 0.4296357 3.017106 0.06308895 0.1642367 0.2458794 0.9693004 0.04125291
88544	/frame 511885 /track 1 0.4296591 3.017266 0.06309237 0.1641923 0.2256578 0.9742066 0.03813956
88544	/frame 511885 /track 1 0.4296591 3.017266 0.06309237 0.1641923 0.2256578 0.9742066 0.03813956
88545	/frame 511886 /track 1 0.4305972 3.016276 0.06323013 0.1644665 0.4498342 0.8931121 0.04234704
88545	/frame 511886 /track 1 0.4305972 3.016276 0.06323013 0.1644665 0.4498342 0.8931121 0.04234704
88546	/frame 511887 /track 1 0.4314338 3.015403 0.06335298 0.1647084 0.6593044 0.7518761 0.04522625
88546	/frame 511887 /track 1 0.4314338 3.015403 0.06335298 0.1647084 0.6593044 0.7518761 0.04522625
88547	/frame 511888 /track 1 0.4321682 3.014644 0.06346083 0.1649185 0.8251607 0.564898 0.04730204
88547	/frame 511888 /track 1 0.4321682 3.014644 0.06346083 0.1649185 0.8251607 0.564898 0.04730204
88548	/frame 511889 /track 1 0.432803 3.013996 0.06355404 0.165098 0.9333103 0.3590709 0.04790791
88548	/frame 511889 /track 1 0.432803 3.013996 0.06355404 0.165098 0.9333103 0.3590709 0.04790791
88549	/frame 511890 /track 1 0.4326704 3.014124 0.06353456 0.1650625 0.8155678 0.5786614 0.04420158
88549	/frame 511890 /track 1 0.4326704 3.014124 0.06353456 0.1650625 0.8155678 0.5786614 0.04420158
88550	/frame 511891 /track 1 0.4325348 3.014262 0.06351466 0.1650244 0.644617 0.7645057 0.0409883
88550	/frame 511891 /track 1 0.4325348 3.014262 0.06351466 0.1650244 0.644617 0.7645057 0.0409883
88551	/frame 511892 /track 1 0.4324009 3.015075 0.06349499 0.1647991 0.5120595 0.85895 0.04146972
88551	/frame 511892 /track 1 0.4324009 3.015075 0.06349499 0.1647991 0.5120595 0.85895 0.04146972
88552	/frame 511893 /track 1 0.4322718 3.015802 0.06347603 0.1645978 0.3895568 0.9210024 0.04193567
88552	/frame 511893 /track 1 0.4322718 3.015802 0.06347603 0.1645978 0.3895568 0.9210024 0.04193567
88553	/frame 511894 /track 1 0.4324864 3.016217 0.06350755 0.1644829 0.4038034 0.9148457 0.0406613
88553	/frame 511894 /track 1 0.4324864 3.016217 0.06350755 0.1644829 0.4038034 0.9148457 0.0406613
88554	/frame 511895 /track 1 0.4326672 3.016574 0.0635341 0.1643839 0.4134696 0.9105179 0.03895119
88554	/frame 511895 /track 1 0.4326672 3.016574 0.0635341 0.1643839 0.4134696 0.9105179 0.03895119
88555	/frame 511896 /track 1 0.4328168 3.016878 0.06355606 0.1642998 0.4192929 0.907851 0.03693461
88555	/frame 511896 /track 1 0.4328168 3.016878 0.06355606 0.1642998 0.4192929 0.907851 0.03693461
88556	/frame 511897 /track 1 0.4320413 3.017803 0.06344219 0.1640436 0.2279579 0.973671 0.04128844
88556	/frame 511897 /track 1 0.4320413 3.017803 0.06344219 0.1640436 0.2279579 0.973671 0.04128844
88557	/frame 511898 /track 1 0.431355 3.017475 0.06334141 0.1641345 0.001142761 0.9999993 0.04163444
88557	/frame 511898 /track 1 0.431355 3.017475 0.06334141 0.1641345 0.001142761 0.9999993 0.04163444
88558	/frame 511899 /track 1 0.4307569 3.017165 0.06325358 0.1642202 -0.2437604 0.9698355 0.04121222
88558	/frame 511899 /track 1 0.4307569 3.017165 0.06325358 0.1642202 -0.2437604 0.9698355 0.04121222
88559	/frame 511900 /track 1 0.4302439 3.016879 0.06317825 0.1642996 -0.4798882 0.8773296 0.04100839
88559	/frame 511900 /track 1 0.4302439 3.016879 0.06317825 0.1642996 -0.4798882 0.8773296 0.04100839
88560	/frame 511901 /track 1 0.4298112 3.016618 0.06311472 0.1643718 -0.6811053 0.7321854 0.03987849
88560	/frame 511901 /track 1 0.4298112 3.016618 0.06311472 0.1643718 -0.6811053 0.7321854 0.03987849
88561	/frame 511902 /track 1 0.429453 3.016833 0.06306212 0.1643123 -0.7211578 0.6927708 0.03834783
88561	/frame 511902 /track 1 0.429453 3.016833 0.06306212 0.1643123 -0.7211578 0.6927708 0.03834783
88562	/frame 511903 /track 1 0.4297228 3.01713 0.06310172 0.1642298 -0.5318845 0.846817 0.03674434
88562	/frame 511903 /track 1 0.4297228 3.01713 0.06310172 0.1642298 -0.5318845 0.846817 0.03674434
88563	/frame 511904 /track 1 0.4299816 3.017385 0.06313974 0.1641592 -0.3258407 0.9454248 0.03549271
88563	/frame 511904 /track 1 0.4299816 3.017385 0.06313974 0.1641592 -0.3258407 0.9454248 0.03549271
88564	/frame 511905 /track 1 0.4302247 3.0176 0.06317543 0.1640997 -0.1225668 0.9924603 0.03385174
88564	/frame 511905 /track 1 0.4302247 3.0176 0.06317543 0.1640997 -0.1225668 0.9924603 0.03385174
88565	/frame 511906 /track 1 0.4304488 3.017778 0.06320835 0.1640503 0.06461212 0.9979104 0.03225584
88565	/frame 511906 /track 1 0.4304488 3.017778 0.06320835 0.1640503 0.06461212 0.9979104 0.03225584
88566	/frame 511907 /track 1 0.4303158 3.017923 0.06318881 0.1640104 -0.08921007 0.9960129 0.03012041
88566	/frame 511907 /track 1 0.4303158 3.017923 0.06318881 0.1640104 -0.08921007 0.9960129 0.03012041
88567	/frame 511908 /track 1 0.4309883 3.017028 0.06328756 0.1642582 0.07769776 0.996977 0.03410283
88567	/frame 511908 /track 1 0.4309883 3.017028 0.06328756 0.1642582 0.07769776 0.996977 0.03410283
88568	/frame 511909 /track 1 0.43158 3.016236 0.06337444 0.1644777 0.2757785 0.9612211 0.03651043
88568	/frame 511909 /track 1 0.43158 3.016236 0.06337444 0.1644777 0.2757785 0.9612211 0.03651043
88569	/frame 511910 /track 1 0.4320925 3.015545 0.06344971 0.1646691 0.4890575 0.8722516 0.03823628
88569	/frame 511910 /track 1 0.4320925 3.015545 0.06344971 0.1646691 0.4890575 0.8722516 0.03823628
88570	/frame 511911 /track 1 0.431857 3.016185 0.06341513 0.1644918 0.3410887 0.9400311 0.03842379
88570	/frame 511911 /track 1 0.431857 3.016185 0.06341513 0.1644918 0.3410887 0.9400311 0.03842379
88571	/frame 511912 /track 1 0.4316365 3.016759 0.06338274 0.1643326 0.208903 0.9779364 0.03842941
88571	/frame 511912 /track 1 0.4316365 3.016759 0.06338274 0.1643326 0.208903 0.9779364 0.03842941
88572	/frame 511913 /track 1 0.4314337 3.017268 0.06335296 0.1641918 0.09505472 0.9954721 0.03780565
88572	/frame 511913 /track 1 0.4314337 3.017268 0.06335296 0.1641918 0.09505472 0.9954721 0.03780565
88573	/frame 511914 /track 1 0.4310262 3.017935 0.06329313 0.1640071 -0.02983058 0.9995549 0.03836676
88573	/frame 511914 /track 1 0.4310262 3.017935 0.06329313 0.1640071 -0.02983058 0.9995549 0.03836676
88574	/frame 511915 /track 1 0.4306675 3.018509 0.06324046 0.1638478 -0.1331759 0.9910924 0.03904697
88574	/frame 511915 /track 1 0.4306675 3.018509 0.06324046 0.1638478 -0.1331759 0.9910924 0.03904697
88575	/frame 511916 /track 1 0.430693 3.018212 0.06324419 0.1639301 -0.1492029 0.9888066 0.03679869
88575	/frame 511916 /track 1 0.430693 3.018212 0.06324419 0.1639301 -0.1492029 0.9888066 0.03679869
88576	/frame 511917 /track 1 0.4307213 3.017934 0.06324835 0.1640072 -0.1652746 0.9862477 0.03486674
88576	/frame 511917 /track 1 0.4307213 3.017934 0.06324835 0.1640072 -0.1652746 0.9862477 0.03486674
88577	/frame 511918 /track 1 0.430751 3.017678 0.06325271 0.164078 -0.1819092 0.9833153 0.03298823
88577	/frame 511918 /track 1 0.430751 3.017678 0.06325271 0.164078 -0.1819092 0.9833153 0.03298823
88578	/frame 511919 /track 1 0.4306689 3.017895 0.06324066 0.1640179 -0.2170203 0.9761671 0.03091028
88578	/frame 511919 /track 1 0.4306689 3.017895 0.06324066 0.1640179 -0.2170203 0.9761671 0.03091028
88579	/frame 511920 /track 1 0.4300401 3.018753 0.06314833 0.1637803 -0.2962682 0.9551048 0.03490985
88579	/frame 511920 /track 1 0.4300401 3.018753 0.06314833 0.1637803 -0.2962682 0.9551048 0.03490985
88580	/frame 511921 /track 1 0.4294955 3.019495 0.06306835 0.1635748 -0.3588273 0.9334039 0.03653219
88580	/frame 511921 /track 1 0.4294955 3.019495 0.06306835 0.1635748 -0.3588273 0.9334039 0.03653219
88581	/frame 511922 /track 1 0.4290313 3.020127 0.06300019 0.1633998 -0.4080732 0.9129493 0.03810451
88581	/frame 511922 /track 1 0.4290313 3.020127 0.06300019 0.1633998 -0.4080732 0.9129493 0.03810451
88582	/frame 511923 /track 1 0.429651 3.019534 0.0630912 0.163564 -0.2927338 0.9561939 0.03933856
88582	/frame 511923 /track 1 0.429651 3.019534 0.0630912 0.163564 -0.2927338 0.9561939 0.03933856
88583	/frame 511924 /track 1 0.4302112 3.01899 0.06317345 0.1637148 -0.1423604 0.9898149 0.03974405
88583	/frame 511924 /track 1 0.4302112 3.01899 0.06317345 0.1637148 -0.1423604 0.9898149 0.03974405
88584	/frame 511925 /track 1 0.4307096 3.018498 0.06324664 0.1638509 0.04517885 0.998979 0.04043556
88584	/frame 511925 /track 1 0.4307096 3.018498 0.06324664 0.1638509 0.04517885 0.998979 0.04043556
88585	/frame 511926 /track 1 0.4304737 3.018622 0.063212 0.1638167 -0.1573881 0.9875368 0.03787061
88585	/frame 511926 /track 1 0.4304737 3.018622 0.063212 0.1638167 -0.1573881 0.9875368 0.03787061
88586	/frame 511927 /track 1 0.4302636 3.018728 0.06318114 0.1637873 -0.3276416 0.9448021 0.03565361
88586	/frame 511927 /track 1 0.4302636 3.018728 0.06318114 0.1637873 -0.3276416 0.9448021 0.03565361
88587	/frame 511928 /track 1 0.4305276 3.018818 0.0632199 0.1637623 -0.08696106 0.9962118 0.03372912
88587	/frame 511928 /track 1 0.4305276 3.018818 0.0632199 0.1637623 -0.08696106 0.9962118 0.03372912
88588	/frame 511929 /track 1 0.4307595 3.018893 0.06325396 0.1637416 0.1405899 0.9900679 0.03170997
88588	/frame 511929 /track 1 0.4307595 3.018893 0.06325396 0.1637416 0.1405899 0.9900679 0.03170997
88589	/frame 511930 /track 1 0.43096 3.018954 0.06328341 0.1637247 0.3375183 0.9413189 0.02993664
88589	/frame 511930 /track 1 0.43096 3.018954 0.06328341 0.1637247 0.3375183 0.9413189 0.02993664
88590	/frame 511931 /track 1 0.4313548 3.017994 0.06334138 0.1639906 0.5215514 0.8532199 0.03304945
88590	/frame 511931 /track 1 0.4313548 3.017994 0.06334138 0.1639906 0.5215514 0.8532199 0.03304945
88591	/frame 511932 /track 1 0.4307964 3.01816 0.06325939 0.1639445 0.2901416 0.9569837 0.03298143
88591	/frame 511932 /track 1 0.4307964 3.01816 0.06325939 0.1639445 0.2901416 0.9569837 0.03298143
88592	/frame 511933 /track 1 0.4302992 3.018313 0.06318638 0.1639023 0.04810917 0.9988421 0.03315049
88592	/frame 511933 /track 1 0.4302992 3.018313 0.06318638 0.1639023 0.04810917 0.9988421 0.03315049
88593	/frame 511934 /track 1 0.4298634 3.01845 0.06312238 0.1638642 -0.1757054 0.9844428 0.03252399
88593	/frame 511934 /track 1 0.4298634 3.01845 0.06312238 0.1638642 -0.1757054 0.9844428 0.03252399
88594	/frame 511935 /track 1 0.4304959 3.017228 0.06321525 0.1642029 -0.07877295 0.9968926 0.03737005
88594	/frame 511935 /track 1 0.4304959 3.017228 0.06321525 0.1642029 -0.07877295 0.9968926 0.03737005
88595	/frame 511936 /track 1 0.4310564 3.016161 0.06329755 0.1644983 0.04936076 0.9987811 0.04116283
88595	/frame 511936 /track 1 0.4310564 3.016161 0.06329755 0.1644983 0.04936076 0.9987811 0.04116283
