11	/SOUND 0.046875 0.4453125 0.5078125 0.42578125 0 0 0 0
14	/SOUND 0.05078125 0.4453125 0.5078125 0.42578125 0 0 0 0
16	/SOUND 0.0625 0.4453125 0.5078125 0.42578125 0 0 0 0
18	/SOUND 0.07421875 0.4453125 0.5078125 0.42578125 0 0 0 0
20	/SOUND 0.0859375 0.4453125 0.5078125 0.42578125 0 0 0 0
22	/SOUND 0.09765625 0.4453125 0.5078125 0.42578125 0 0 0 0
24	/SOUND 0.109375 0.4453125 0.5078125 0.42578125 0 0 0 0
25	/SOUND 0.12109375 0.4453125 0.5078125 0.42578125 0 0 0 0
26	/SOUND 0.1328125 0.4453125 0.5078125 0.42578125 0 0 0 0
27	/SOUND 0.14453125 0.4453125 0.5078125 0.42578125 0 0 0 0
28	/SOUND 0.15625 0.4453125 0.5078125 0.42578125 0 0 0 0
30	/SOUND 0.16796875 0.4453125 0.5078125 0.42578125 0 0 0 0
30	/SOUND 0.1796875 0.4453125 0.5078125 0.42578125 0 0 0 0
32	/SOUND 0.19140625 0.4453125 0.5078125 0.42578125 0 0 0 0
33	/SOUND 0.203125 0.4453125 0.5078125 0.42578125 0 0 0 0
37	/SOUND 0.20703125 0.4453125 0.5078125 0.42578125 0 0 0 0
38	/SOUND 0.21875 0.4453125 0.5078125 0.42578125 0 0 0 0
39	/SOUND 0.23046875 0.4453125 0.5078125 0.42578125 0 0 0 0
41	/SOUND 0.2421875 0.4453125 0.5078125 0.42578125 0 0 0 0
43	/SOUND 0.25390625 0.4453125 0.5078125 0.42578125 0 0 0 0
44	/SOUND 0.265625 0.4453125 0.5078125 0.42578125 0 0 0 0
45	/SOUND 0.27734375 0.4453125 0.5078125 0.42578125 0 0 0 0
46	/SOUND 0.29296875 0.4453125 0.5078125 0.42578125 0 0 0 0
47	/SOUND 0.30859375 0.4453125 0.5078125 0.42578125 0 0 0 0
48	/SOUND 0.32421875 0.4453125 0.5078125 0.42578125 0 0 0 0
48	/SOUND 0.33984375 0.4453125 0.5078125 0.42578125 0 0 0 0
49	/SOUND 0.3515625 0.4453125 0.5078125 0.42578125 0 0 0 0
51	/SOUND 0.36328125 0.4453125 0.5078125 0.42578125 0 0 0 0
52	/SOUND 0.375 0.4453125 0.5078125 0.42578125 0 0 0 0
53	/SOUND 0.38671875 0.4453125 0.5078125 0.42578125 0 0 0 0
54	/SOUND 0.3984375 0.4453125 0.5078125 0.42578125 0 0 0 0
55	/SOUND 0.4140625 0.4453125 0.5078125 0.42578125 0 0 0 0
56	/SOUND 0.43359375 0.4453125 0.5078125 0.42578125 0 0 0 0
57	/SOUND 0.44921875 0.4453125 0.5078125 0.42578125 0 0 0 0
58	/SOUND 0.4609375 0.4453125 0.5078125 0.42578125 0 0 0 0
64	/SOUND 0.46484375 0.4453125 0.5078125 0.42578125 0 0 0 0
66	/SOUND 0.4765625 0.4453125 0.5078125 0.42578125 0 0 0 0
73	/SOUND 0.48046875 0.4453125 0.5078125 0.42578125 0 0 0 0
74	/SOUND 0.49609375 0.4453125 0.5078125 0.42578125 0 0 0 0
76	/SOUND 0.5078125 0.4453125 0.5078125 0.42578125 0 0 0 0
82	/SOUND 0.51171875 0.4453125 0.5078125 0.42578125 0 0 0 0
84	/SOUND 0.5234375 0.4453125 0.5078125 0.42578125 0 0 0 0
85	/SOUND 0.53515625 0.4453125 0.5078125 0.42578125 0 0 0 0
86	/SOUND 0.5546875 0.4453125 0.5078125 0.42578125 0 0 0 0
87	/SOUND 0.57421875 0.4453125 0.5078125 0.42578125 0 0 0 0
88	/SOUND 0.59375 0.4453125 0.5078125 0.42578125 0 0 0 0
92	/SOUND 0.59765625 0.4453125 0.5078125 0.42578125 0 0 0 0
